Id,Time[ns],Parallel: Items
1,201554950.00,02
2,201555950.00,02
3,201556950.00,01
4,201557950.00,00
5,201558950.00,00
6,201559950.00,00
7,201560950.00,7F
8,201561950.00,00
9,201562950.00,00
10,201563950.00,00
11,201564950.00,F8
12,201565950.00,6A
13,201566950.00,EA
14,201567950.00,74
15,201568950.00,34
16,201569950.00,CA
17,201570950.00,F3
18,201571950.00,37
19,201572950.00,02
20,201573950.00,15
21,201574950.00,25
22,201575950.00,24
23,201576950.00,35
24,201577950.00,25
25,201578950.00,25
26,201579950.00,03
27,201580950.00,85
28,201581950.00,00
29,201583450.00,25
30,215575950.00,00
31,296242600.00,05
32,296243300.00,24
33,296244100.00,01
34,296244800.00,02
35,296245500.00,03
36,296246200.00,04
37,296246900.00,05
38,296247600.00,06
39,296248300.00,07
40,296248850.00,04
41,296249250.00,08
42,299892200.00,02
43,299893300.00,02
44,299894400.00,01
45,299895500.00,00
46,299896600.00,00
47,299897700.00,00
48,299898800.00,7F
49,299899900.00,00
50,299901000.00,00
51,299902100.00,00
52,299903200.00,10
53,299904300.00,54
54,299905400.00,80
55,299906500.00,80
56,299907600.00,00
57,299908700.00,00
58,299909800.00,80
59,299910900.00,0B
60,299912000.00,01
61,299913100.00,21
62,299914200.00,21
63,299915300.00,20
64,299916400.00,01
65,299917500.00,21
66,299918600.00,21
67,299919700.00,03
68,299920800.00,85
69,299921900.00,00
70,299923450.00,C0
71,299954500.00,00
72,299982700.00,00
73,299983700.00,00
74,299984700.00,00
75,299985700.00,00
76,299986700.00,00
77,299987700.00,00
78,299988700.00,00
79,299989700.00,00
80,299990700.00,F8
81,299991700.00,44
82,299992700.00,98
83,299993700.00,F2
84,299994700.00,72
85,299995700.00,D8
86,299996700.00,F3
87,299997700.00,37
88,299998700.00,02
89,299999700.00,15
90,300000700.00,25
91,300001700.00,25
92,300002700.00,35
93,300003700.00,25
94,300004700.00,25
95,300005700.00,01
96,300006700.00,03
97,300007700.00,05
98,300008700.00,00
99,915434800.00,03
100,915436200.00,03
101,915437000.00,03
102,915441100.00,03
103,915441600.00,03
104,915443200.00,03
105,915443700.00,03
106,915445300.00,03
107,915445800.00,03
108,915447450.00,03
109,915447950.00,03
110,915449600.00,03
111,915450100.00,03
112,915451750.00,03
113,915452250.00,03
114,915453900.00,03
115,915454400.00,03
116,915456000.00,03
117,915456500.00,03
118,915458100.00,03
119,915458600.00,03
120,915460200.00,03
121,915460700.00,03
122,915462250.00,03
123,915462750.00,03
124,915464400.00,03
125,915464900.00,03
126,915466500.00,03
127,915467000.00,03
128,915468600.00,03
129,915469100.00,03
130,915470650.00,03
131,915471150.00,03
132,915472750.00,03
133,915473250.00,03
134,915474850.00,03
135,915475350.00,03
136,915476950.00,03
137,915477450.00,03
138,915479050.00,03
139,915479550.00,03
140,915481150.00,03
141,915481650.00,03
142,915483250.00,03
143,915483750.00,03
144,915485350.00,03
145,915485850.00,03
146,915487450.00,03
147,915487950.00,03
148,915489550.00,03
149,915490050.00,03
150,915491650.00,03
151,915492150.00,03
152,915493700.00,03
153,915494200.00,03
154,915495800.00,03
155,915496300.00,03
156,915497900.00,03
157,915498400.00,03
158,915500000.00,03
159,915500500.00,03
160,915502050.00,03
161,915502550.00,03
162,915504150.00,03
163,915504650.00,03
164,915506250.00,03
165,915506750.00,03
166,915508350.00,03
167,915508850.00,03
168,915510450.00,03
169,915510950.00,03
170,915512550.00,03
171,915513050.00,03
172,915514650.00,03
173,915515150.00,03
174,915516750.00,03
175,915517250.00,03
176,915518850.00,03
177,915519350.00,03
178,915520950.00,03
179,915521450.00,03
180,915523050.00,03
181,915523550.00,03
182,915525100.00,03
183,915525600.00,03
184,915527200.00,03
185,915527700.00,03
186,915529300.00,03
187,915529800.00,03
188,915531400.00,03
189,915531900.00,03
190,915533450.00,03
191,915533950.00,03
192,915535550.00,03
193,915536050.00,03
194,915537650.00,03
195,915538150.00,03
196,915539750.00,03
197,915540250.00,03
198,915541850.00,03
199,915542350.00,03
200,915543950.00,03
201,915544450.00,03
202,915546050.00,03
203,915546550.00,03
204,915548150.00,03
205,915548650.00,03
206,915550250.00,03
207,915550750.00,03
208,915552350.00,03
209,915552850.00,03
210,915554450.00,03
211,915554950.00,03
212,915556500.00,03
213,915557050.00,03
214,915558650.00,03
215,915559150.00,03
216,915560750.00,03
217,915561250.00,03
218,915562850.00,03
219,915563350.00,03
220,915564900.00,03
221,915565400.00,03
222,915567000.00,03
223,915567500.00,03
224,915569100.00,03
225,915569600.00,03
226,915571200.00,03
227,915571700.00,03
228,915573300.00,03
229,915573800.00,03
230,915575400.00,03
231,915575900.00,03
232,915577500.00,03
233,915578000.00,03
234,915579600.00,03
235,915580100.00,03
236,915581700.00,03
237,915582200.00,03
238,915583800.00,03
239,915584300.00,03
240,915585900.00,03
241,915586400.00,03
242,915587950.00,03
243,915588500.00,03
244,915590100.00,03
245,915590600.00,03
246,915592200.00,03
247,915592700.00,03
248,915594300.00,03
249,915594800.00,03
250,915596350.00,03
251,915596850.00,03
252,915598450.00,03
253,915598950.00,03
254,915600550.00,03
255,915601050.00,03
256,915602650.00,03
257,915603150.00,03
258,915604750.00,03
259,915605250.00,03
260,915606850.00,03
261,915607350.00,03
262,915608950.00,03
263,915609450.00,03
264,915611050.00,03
265,915611550.00,03
266,915613150.00,03
267,915613650.00,03
268,915615250.00,03
269,915615750.00,03
270,915617350.00,03
271,915617850.00,03
272,915619400.00,03
273,915619950.00,03
274,915621550.00,03
275,915622050.00,03
276,915623650.00,03
277,915624150.00,03
278,915625750.00,03
279,915626250.00,03
280,915627800.00,03
281,915628300.00,03
282,915629900.00,03
283,915630400.00,03
284,915632000.00,03
285,915632500.00,03
286,915634100.00,03
287,915634600.00,03
288,915636200.00,03
289,915636700.00,03
290,915638300.00,03
291,915638800.00,03
292,915640400.00,03
293,915640900.00,03
294,915642500.00,03
295,915643000.00,03
296,915644600.00,03
297,915645100.00,03
298,915646700.00,03
299,915647200.00,03
300,915648800.00,03
301,915649300.00,03
302,915650850.00,03
303,915651350.00,03
304,915652950.00,03
305,915653450.00,03
306,915655050.00,03
307,915655550.00,03
308,915657150.00,03
309,915657650.00,03
310,915659200.00,03
311,915659700.00,03
312,915661300.00,03
313,915661800.00,03
314,915663400.00,03
315,915663900.00,03
316,915665500.00,03
317,915666000.00,03
318,915667600.00,03
319,915668100.00,03
320,915669700.00,03
321,915670200.00,03
322,915671800.00,03
323,915672300.00,03
324,915673900.00,03
325,915674400.00,03
326,915676000.00,03
327,915676500.00,03
328,915678100.00,03
329,915678600.00,03
330,915680200.00,03
331,915680700.00,03
332,915682250.00,03
333,915682750.00,03
334,915684350.00,03
335,915684850.00,03
336,915686450.00,03
337,915686950.00,03
338,915688550.00,03
339,915689050.00,03
340,915690600.00,03
341,915691100.00,03
342,915692700.00,03
343,915693200.00,03
344,915694800.00,03
345,915695300.00,03
346,915696900.00,03
347,915697400.00,03
348,915699000.00,03
349,915699500.00,03
350,915701100.00,03
351,915701600.00,03
352,915703200.00,03
353,915703700.00,03
354,915705300.00,03
355,915705800.00,03
356,915707400.00,03
357,915707900.00,03
358,915709500.00,03
359,915710000.00,03
360,915711600.00,03
361,915712100.00,03
362,915713650.00,03
363,915714150.00,03
364,915715750.00,03
365,915716250.00,03
366,915717850.00,03
367,915718350.00,03
368,915719950.00,03
369,915720450.00,03
370,915722000.00,03
371,915722500.00,03
372,915724100.00,03
373,915724600.00,03
374,915726200.00,03
375,915726700.00,03
376,915728300.00,03
377,915728800.00,03
378,915730400.00,03
379,915730900.00,03
380,915732500.00,03
381,915733000.00,03
382,915734600.00,03
383,915735100.00,03
384,915736700.00,03
385,915737200.00,03
386,915738800.00,03
387,915739300.00,03
388,915740900.00,03
389,915741400.00,03
390,915743000.00,03
391,915743500.00,03
392,915745050.00,03
393,915745550.00,03
394,915747150.00,03
395,915747650.00,03
396,915749250.00,03
397,915749750.00,03
398,915751350.00,03
399,915751850.00,03
400,915753400.00,03
401,915753900.00,03
402,915755500.00,03
403,915756000.00,03
404,915757600.00,03
405,915758100.00,03
406,915759700.00,03
407,915760200.00,03
408,915761800.00,03
409,915762300.00,03
410,915763900.00,03
411,915764400.00,03
412,915766000.00,03
413,915766500.00,03
414,915768100.00,03
415,915768600.00,03
416,915770200.00,03
417,915770700.00,03
418,915772300.00,03
419,915772800.00,03
420,915774400.00,03
421,915774900.00,03
422,915776450.00,03
423,915776950.00,03
424,915778550.00,03
425,915779050.00,03
426,915780650.00,03
427,915781150.00,03
428,915782750.00,03
429,915783250.00,03
430,915784800.00,03
431,915785300.00,03
432,915786900.00,03
433,915787400.00,03
434,915789000.00,03
435,915789500.00,03
436,915791100.00,03
437,915791600.00,03
438,915793200.00,03
439,915793700.00,03
440,915795300.00,03
441,915795800.00,03
442,915797400.00,03
443,915797900.00,03
444,915799500.00,03
445,915800000.00,03
446,915801600.00,03
447,915802100.00,03
448,915803700.00,03
449,915804200.00,03
450,915805800.00,03
451,915806300.00,03
452,915807850.00,03
453,915808350.00,03
454,915809950.00,03
455,915810450.00,03
456,915812050.00,03
457,915812550.00,03
458,915814150.00,03
459,915814650.00,03
460,915816200.00,03
461,915816700.00,03
462,915818300.00,03
463,915818800.00,03
464,915820400.00,03
465,915820900.00,03
466,915822500.00,03
467,915823000.00,03
468,915824600.00,03
469,915825100.00,03
470,915826700.00,03
471,915827200.00,03
472,915828800.00,03
473,915829300.00,03
474,915830900.00,03
475,915831400.00,03
476,915833000.00,03
477,915833500.00,03
478,915835100.00,03
479,915835600.00,03
480,915837200.00,03
481,915837700.00,03
482,915839250.00,03
483,915839750.00,03
484,915841350.00,03
485,915841850.00,03
486,915843450.00,03
487,915843950.00,03
488,915845550.00,03
489,915846050.00,03
490,915847600.00,03
491,915848100.00,03
492,915849700.00,03
493,915850200.00,03
494,915851800.00,03
495,915852300.00,03
496,915853900.00,03
497,915854400.00,03
498,915856000.00,03
499,915856500.00,03
500,915858100.00,03
501,915858600.00,03
502,915860200.00,03
503,915860700.00,03
504,915862300.00,03
505,915862800.00,03
506,915864400.00,03
507,915864900.00,03
508,915866500.00,03
509,915867000.00,03
510,915868600.00,03
511,915869100.00,03
512,915870650.00,03
513,915871150.00,03
514,915872750.00,03
515,915873250.00,03
516,915874850.00,03
517,915875350.00,03
518,915876950.00,03
519,915877450.00,03
520,915879000.00,03
521,915879500.00,03
522,915881100.00,03
523,915881600.00,03
524,915883200.00,03
525,915883700.00,03
526,915885300.00,03
527,915885800.00,03
528,915887400.00,03
529,915887900.00,03
530,915889500.00,03
531,915890000.00,03
532,915891600.00,03
533,915892100.00,03
534,915893700.00,03
535,915894200.00,03
536,915895800.00,03
537,915896300.00,03
538,915897900.00,03
539,915898400.00,03
540,915900000.00,03
541,915900500.00,03
542,915902050.00,03
543,915902550.00,03
544,915904150.00,03
545,915904650.00,03
546,915906250.00,03
547,915906750.00,03
548,915908350.00,03
549,915908850.00,03
550,915910400.00,03
551,915910900.00,03
552,915912500.00,03
553,915913000.00,03
554,915914600.00,03
555,915915100.00,03
556,915916700.00,03
557,915917200.00,03
558,915918800.00,03
559,915919300.00,03
560,915920900.00,03
561,915921400.00,03
562,915923000.00,03
563,915923500.00,03
564,915925100.00,03
565,915925600.00,03
566,915927200.00,03
567,915927700.00,03
568,915929300.00,03
569,915929800.00,03
570,915931400.00,03
571,915931900.00,03
572,915933450.00,03
573,915933950.00,03
574,915935550.00,03
575,915936050.00,03
576,915937650.00,03
577,915938150.00,03
578,915939750.00,03
579,915940250.00,03
580,915941800.00,03
581,915942300.00,03
582,915943900.00,03
583,915944400.00,03
584,915946000.00,03
585,915946500.00,03
586,915948100.00,03
587,915948600.00,03
588,915950200.00,03
589,915950700.00,03
590,915952300.00,03
591,915952800.00,03
592,915954400.00,03
593,915954900.00,03
594,915956500.00,03
595,915957000.00,03
596,915958600.00,03
597,915959100.00,03
598,915960700.00,03
599,915961200.00,03
600,915962800.00,03
601,915963300.00,03
602,915964850.00,03
603,915965350.00,03
604,915966950.00,03
605,915967450.00,03
606,915969050.00,03
607,915969550.00,03
608,915971150.00,03
609,915971650.00,03
610,915973200.00,03
611,915973700.00,03
612,915975700.00,03
613,924675000.00,F8
614,924675950.00,44
615,924676900.00,B8
616,924677850.00,B2
617,924679150.00,B2
618,924680100.00,B8
619,924681300.00,00
620,924684900.00,36
621,924685850.00,01
622,924687300.00,14
623,924688400.00,14
624,924689850.00,34
625,924691000.00,34
626,924749350.00,03
627,924756300.00,BF
628,924756950.00,81
629,924757250.00,01
630,924765200.00,54
631,924771400.00,60
632,924781900.00,00
633,924782150.00,00
634,924806700.00,00
635,924814150.00,00
636,924816250.00,01
637,924817600.00,FF
638,924819500.00,02
639,924821100.00,00
640,924822600.00,03
641,924823950.00,FF
642,924825600.00,04
643,924827500.00,00
644,924828900.00,05
645,924830150.00,FF
646,924832100.00,06
647,924833700.00,00
648,924835200.00,07
649,924836800.00,FF
650,924838500.00,08
651,924840000.00,FF
652,924841500.00,09
653,924843100.00,00
654,924844800.00,0A
655,924846400.00,FF
656,924847700.00,0B
657,924849300.00,00
658,924850900.00,0C
659,924852500.00,FF
660,924854000.00,0D
661,924855600.00,00
662,924857600.00,0E
663,924859150.00,FF
664,924860700.00,0F
665,924862200.00,00
666,924864000.00,10
667,924865250.00,00
668,924867100.00,11
669,924868700.00,00
670,924870200.00,12
671,924871650.00,00
672,924873150.00,13
673,924874750.00,00
674,924876250.00,14
675,924877850.00,00
676,924879350.00,15
677,924880950.00,00
678,924882450.00,16
679,924884050.00,00
680,924885550.00,17
681,924887150.00,00
682,924888350.00,18
683,924889950.00,00
684,924891450.00,19
685,924893050.00,00
686,924894250.00,1A
687,924895850.00,00
688,924897350.00,1B
689,924898950.00,00
690,924900300.00,1C
691,924901900.00,00
692,924903400.00,1D
693,924904800.00,00
694,924906200.00,1E
695,924907800.00,00
696,924909300.00,1F
697,924910900.00,00
698,924912400.00,20
699,924914000.00,00
700,924915500.00,21
701,924917000.00,00
702,924918500.00,22
703,924920100.00,00
704,924921600.00,23
705,924923200.00,00
706,924924650.00,24
707,924926250.00,00
708,924927500.00,25
709,924929100.00,00
710,924930550.00,26
711,924932150.00,00
712,924933650.00,27
713,924935250.00,00
714,924936750.00,28
715,924938350.00,00
716,924939850.00,29
717,924941450.00,00
718,924942950.00,2A
719,924944550.00,00
720,924946050.00,2B
721,924947400.00,00
722,924948900.00,2C
723,924950400.00,00
724,924951900.00,2D
725,924953250.00,00
726,924954750.00,2E
727,924956350.00,00
728,924957850.00,2F
729,924959450.00,00
730,924960700.00,30
731,924962300.00,00
732,924963800.00,31
733,924965400.00,00
734,924966900.00,32
735,924968500.00,00
736,924970000.00,33
737,924971600.00,00
738,924973100.00,34
739,924974700.00,00
740,924976200.00,35
741,924977800.00,00
742,924979300.00,36
743,924980900.00,00
744,924982400.00,37
745,924983900.00,00
746,924985400.00,38
747,924987000.00,00
748,924988500.00,39
749,924990100.00,00
750,924991600.00,3A
751,924993200.00,00
752,924994650.00,3B
753,924996250.00,00
754,924997750.00,3C
755,924999350.00,00
756,925000850.00,3D
757,925002450.00,00
758,925003950.00,3E
759,925005550.00,00
760,925006950.00,3F
761,925008550.00,00
762,925010050.00,40
763,925011650.00,00
764,925013100.00,41
765,925014700.00,00
766,925016200.00,42
767,925017550.00,00
768,925018750.00,43
769,925020350.00,00
770,925021850.00,44
771,925023450.00,00
772,925024750.00,45
773,925026350.00,00
774,925027850.00,46
775,925029450.00,00
776,925030950.00,47
777,925032550.00,00
778,925034050.00,48
779,925035650.00,00
780,925037100.00,49
781,925038700.00,00
782,925040100.00,4A
783,925041700.00,00
784,925043150.00,4B
785,925044750.00,00
786,925046250.00,4C
787,925047850.00,00
788,925049300.00,4D
789,925050650.00,00
790,925052150.00,4E
791,925053750.00,00
792,925055250.00,4F
793,925056850.00,00
794,925058350.00,50
795,925059700.00,00
796,925061200.00,51
797,925062800.00,00
798,925064300.00,52
799,925065750.00,00
800,925067250.00,53
801,925068850.00,00
802,925070350.00,54
803,925071900.00,00
804,925073350.00,55
805,925074950.00,00
806,925076450.00,56
807,925077850.00,00
808,925079350.00,57
809,925080950.00,00
810,925082450.00,58
811,925083800.00,00
812,925085300.00,59
813,925086900.00,00
814,925088400.00,5A
815,925089950.00,00
816,925091450.00,5B
817,925093050.00,00
818,925094550.00,5C
819,925096050.00,00
820,925097550.00,5D
821,925099150.00,00
822,925100650.00,5E
823,925102250.00,00
824,925103750.00,5F
825,925105350.00,00
826,925106750.00,60
827,925108350.00,00
828,925109850.00,61
829,925111450.00,00
830,925112650.00,62
831,925114250.00,00
832,925115750.00,63
833,925117250.00,00
834,925118650.00,64
835,925120250.00,00
836,925121750.00,65
837,925123350.00,00
838,925124850.00,66
839,925126450.00,00
840,925127950.00,67
841,925129450.00,00
842,925130950.00,68
843,925132550.00,00
844,925134050.00,69
845,925135650.00,00
846,925137150.00,6A
847,925138750.00,00
848,925140150.00,6B
849,925141700.00,00
850,925143200.00,6C
851,925144800.00,00
852,925146300.00,6D
853,925147900.00,00
854,925149400.00,6E
855,925150900.00,00
856,925152400.00,6F
857,925154000.00,00
858,925155500.00,70
859,925157100.00,00
860,925158600.00,71
861,925160200.00,00
862,925161700.00,72
863,925163200.00,00
864,925164700.00,73
865,925166300.00,00
866,925167800.00,74
867,925169400.00,00
868,925170900.00,75
869,925172500.00,00
870,925173950.00,76
871,925175550.00,00
872,925177050.00,77
873,925178650.00,00
874,925180150.00,78
875,925181750.00,00
876,925183250.00,79
877,925184850.00,00
878,925186350.00,7A
879,925187950.00,00
880,925189450.00,7B
881,925191050.00,00
882,925192550.00,7C
883,925194150.00,00
884,925195350.00,7D
885,925196850.00,00
886,925198350.00,7E
887,925199950.00,00
888,925201300.00,7F
889,925202900.00,00
890,925204400.00,80
891,925206000.00,00
892,925207450.00,81
893,925209050.00,00
894,925210550.00,82
895,925212150.00,00
896,925213650.00,83
897,925215250.00,00
898,925216750.00,84
899,925218350.00,00
900,925219850.00,85
901,925221450.00,00
902,925222950.00,86
903,925224300.00,00
904,925225800.00,87
905,925227400.00,00
906,925228900.00,88
907,925230100.00,00
908,925231600.00,89
909,925233200.00,00
910,925234700.00,8A
911,925236100.00,00
912,925237600.00,8B
913,925239200.00,00
914,925240650.00,8C
915,925242200.00,00
916,925243700.00,8D
917,925245300.00,00
918,925246800.00,8E
919,925248400.00,00
920,925249900.00,8F
921,925251500.00,00
922,925252900.00,90
923,925254500.00,00
924,925256000.00,91
925,925257600.00,00
926,925259100.00,92
927,925260700.00,00
928,925262200.00,93
929,925263550.00,00
930,925264850.00,94
931,925266450.00,00
932,925267950.00,95
933,925269550.00,00
934,925271050.00,96
935,925272650.00,00
936,925274150.00,97
937,925275750.00,00
938,925277250.00,98
939,925278850.00,00
940,925280350.00,99
941,925281950.00,00
942,925283450.00,9A
943,925285050.00,00
944,925286550.00,9B
945,925288000.00,00
946,925289500.00,9C
947,925291100.00,00
948,925292600.00,9D
949,925293900.00,00
950,925295400.00,9E
951,925296900.00,00
952,925298400.00,9F
953,925299950.00,00
954,925301450.00,A0
955,925303050.00,00
956,925304550.00,A1
957,925306100.00,00
958,925307550.00,A2
959,925309150.00,00
960,925310650.00,A3
961,925312250.00,00
962,925313750.00,A4
963,925315350.00,00
964,925316850.00,A5
965,925318450.00,00
966,925319950.00,A6
967,925321550.00,00
968,925322950.00,A7
969,925324550.00,00
970,925326050.00,A8
971,925327650.00,00
972,925329100.00,A9
973,925330650.00,00
974,925332150.00,AA
975,925333750.00,00
976,925335250.00,AB
977,925336850.00,00
978,925338350.00,AC
979,925339950.00,00
980,925341350.00,AD
981,925342950.00,00
982,925344450.00,AE
983,925346050.00,00
984,925347550.00,AF
985,925349150.00,00
986,925350650.00,B0
987,925352250.00,00
988,925353700.00,B1
989,925355300.00,00
990,925356800.00,B2
991,925358400.00,00
992,925359900.00,B3
993,925361500.00,00
994,925363000.00,B4
995,925364450.00,00
996,925365950.00,B5
997,925367550.00,00
998,925369050.00,B6
999,925370650.00,00
1000,925372150.00,B7
1001,925373750.00,00
1002,925375250.00,B8
1003,925376850.00,00
1004,925378350.00,B9
1005,925379950.00,00
1006,925381400.00,BA
1007,925383000.00,00
1008,925384500.00,BB
1009,925386100.00,00
1010,925387200.00,BC
1011,925388800.00,00
1012,925390300.00,BD
1013,925391900.00,00
1014,925393350.00,BE
1015,925394950.00,00
1016,925396450.00,BF
1017,925397900.00,00
1018,925399400.00,C0
1019,925401000.00,00
1020,925402500.00,C1
1021,925404100.00,00
1022,925405600.00,C2
1023,925407200.00,00
1024,925408700.00,C3
1025,925410150.00,00
1026,925411650.00,C4
1027,925413250.00,00
1028,925414750.00,C5
1029,925416100.00,00
1030,925417600.00,C6
1031,925419200.00,00
1032,925420600.00,C7
1033,925422200.00,00
1034,925423700.00,C8
1035,925425300.00,00
1036,925426800.00,C9
1037,925428400.00,00
1038,925429900.00,CA
1039,925431400.00,00
1040,925432900.00,CB
1041,925434500.00,00
1042,925436000.00,CC
1043,925437600.00,00
1044,925438800.00,CD
1045,925440400.00,00
1046,925441900.00,CE
1047,925443500.00,00
1048,925445000.00,CF
1049,925446600.00,00
1050,925448100.00,D0
1051,925449700.00,00
1052,925451200.00,D1
1053,925452800.00,00
1054,925454300.00,D2
1055,925455650.00,00
1056,925457150.00,D3
1057,925458750.00,00
1058,925460250.00,D4
1059,925461500.00,00
1060,925463000.00,D5
1061,925464500.00,00
1062,925466000.00,D6
1063,925467550.00,00
1064,925469050.00,D7
1065,925470650.00,00
1066,925472150.00,D8
1067,925473700.00,00
1068,925475150.00,D9
1069,925476750.00,00
1070,925478250.00,DA
1071,925479850.00,00
1072,925481350.00,DB
1073,925482950.00,00
1074,925484150.00,DC
1075,925485750.00,00
1076,925487250.00,DD
1077,925488850.00,00
1078,925490300.00,DE
1079,925491900.00,00
1080,925493400.00,DF
1081,925495000.00,00
1082,925496450.00,E0
1083,925498000.00,00
1084,925499500.00,E1
1085,925501100.00,00
1086,925502600.00,E2
1087,925504200.00,00
1088,925505700.00,E3
1089,925507000.00,00
1090,925508250.00,E4
1091,925509850.00,00
1092,925511350.00,E5
1093,925512650.00,00
1094,925514150.00,E6
1095,925515750.00,00
1096,925517250.00,E7
1097,925518850.00,00
1098,925520350.00,E8
1099,925521950.00,00
1100,925523450.00,E9
1101,925525050.00,00
1102,925526550.00,EA
1103,925528150.00,00
1104,925529650.00,EB
1105,925531150.00,00
1106,925532650.00,EC
1107,925534250.00,00
1108,925535750.00,ED
1109,925537350.00,00
1110,925538850.00,EE
1111,925540450.00,00
1112,925541850.00,EF
1113,925543450.00,00
1114,925544950.00,F0
1115,925546550.00,00
1116,925548050.00,F1
1117,925549650.00,00
1118,925551150.00,F2
1119,925552750.00,00
1120,925554200.00,F3
1121,925555800.00,00
1122,925557300.00,F4
1123,925558900.00,00
1124,925560400.00,F5
1125,925562000.00,00
1126,925563500.00,F6
1127,925564750.00,00
1128,925566250.00,F7
1129,925567850.00,00
1130,925569350.00,F8
1131,925570600.00,00
1132,925572100.00,F9
1133,925573700.00,00
1134,925575200.00,FA
1135,925576750.00,00
1136,925578250.00,FB
1137,925579850.00,00
1138,925581350.00,FC
1139,925582950.00,00
1140,925584450.00,FD
1141,925586050.00,00
1142,925587450.00,FE
1143,925589050.00,00
1144,925590550.00,FF
1145,925592150.00,00
1146,925596100.00,00
1147,962171300.00,14
1148,962171750.00,14
1149,997758300.00,14
1150,997758750.00,14
1151,1031119700.00,14
1152,1031120150.00,14
1153,1064078800.00,14
1154,1064079250.00,14
1155,1093567050.00,14
1156,1093567500.00,14
1157,1123084600.00,14
1158,1123085050.00,14
