Id,Time[ns],Parallel: Items
1,202050.00,E0000400
2,83879300.00,B0000005
3,83880000.00,90000004
4,83880800.00,A0000001
5,83881500.00,A0000002
6,83882200.00,A0000003
7,83882900.00,A0000004
8,83883600.00,A0000005
9,83884300.00,A0000006
10,83885000.00,A0000007
11,83885550.00,A0000004
12,83885950.00,B0000000
13,87532650.00,E0000402
14,87533750.00,E0000402
15,87534850.00,B0000001
16,87535950.00,10000000
17,87537050.00,00000000
18,87538150.00,00000000
19,87539250.00,40007F07
20,87540350.00,50000000
21,87541450.00,60000000
22,87542550.00,70000000
23,87543650.00,80000300
24,87544750.00,80000004
25,87545850.00,80000000
26,87546950.00,80000000
27,87548050.00,80000300
28,87549150.00,80000300
29,87550250.00,80000000
30,87551350.00,90000203
31,87552450.00,90000001
32,87553550.00,90000001
33,87554650.00,90000001
34,87555750.00,90000000
35,87556850.00,90000201
36,87557950.00,90000001
37,87559050.00,90000001
38,87560150.00,C0001003
39,87561250.00,D000C305
40,87562350.00,F0003000
41,87563900.00,40000000
42,87594950.00,4000C000
43,87623150.00,E0000400
44,87624150.00,10000000
45,87625150.00,00000000
46,87626150.00,00000000
47,87627150.00,40000000
48,87628150.00,50000000
49,87629150.00,60000000
50,87630150.00,70000000
51,87631150.00,80000300
52,87632150.00,80000004
53,87633150.00,80000000
54,87634150.00,80000002
55,87635150.00,80000302
56,87636150.00,80000300
57,87637150.00,80000003
58,87638150.00,90000107
59,87639150.00,90000002
60,87640150.00,90000005
61,87641150.00,90000005
62,87642150.00,90000105
63,87643150.00,90000105
64,87644150.00,90000005
65,87645150.00,90000005
66,87646150.00,B0000001
67,87647150.00,C0001003
68,87648150.00,D0000305
69,87649150.00,F0003000
70,702996200.00,C0001003
71,702997600.00,C0001003
72,702998400.00,C0001003
73,703002400.00,C0001003
74,703002900.00,C0001003
75,703004500.00,C0001003
76,703005000.00,C0001003
77,703006600.00,C0001003
78,703007100.00,C0001003
79,703008700.00,C0001003
80,703009200.00,C0001003
81,703010750.00,C0001003
82,703011250.00,C0001003
83,703012850.00,C0001003
84,703013350.00,C0001003
85,703014950.00,C0001003
86,703015450.00,C0001003
87,703017050.00,C0001003
88,703017550.00,C0001003
89,703019150.00,C0001003
90,703019650.00,C0001003
91,703021250.00,C0001003
92,703021750.00,C0001003
93,703023350.00,C0001003
94,703023850.00,C0001003
95,703025450.00,C0001003
96,703025950.00,C0001003
97,703027550.00,C0001003
98,703028050.00,C0001003
99,703029650.00,C0001003
100,703030150.00,C0001003
101,703031750.00,C0001003
102,703032250.00,C0001003
103,703033800.00,C0001003
104,703034300.00,C0001003
105,703035900.00,C0001003
106,703036400.00,C0001003
107,703038000.00,C0001003
108,703038500.00,C0001003
109,703040100.00,C0001003
110,703040600.00,C0001003
111,703042150.00,C0001003
112,703042650.00,C0001003
113,703044250.00,C0001003
114,703044750.00,C0001003
115,703046350.00,C0001003
116,703046850.00,C0001003
117,703048450.00,C0001003
118,703048950.00,C0001003
119,703050550.00,C0001003
120,703051050.00,C0001003
121,703052650.00,C0001003
122,703053150.00,C0001003
123,703054750.00,C0001003
124,703055250.00,C0001003
125,703056850.00,C0001003
126,703057350.00,C0001003
127,703058950.00,C0001003
128,703059450.00,C0001003
129,703061050.00,C0001003
130,703061550.00,C0001003
131,703063150.00,C0001003
132,703063650.00,C0001003
133,703065200.00,C0001003
134,703065700.00,C0001003
135,703067300.00,C0001003
136,703067800.00,C0001003
137,703069400.00,C0001003
138,703069900.00,C0001003
139,703071500.00,C0001003
140,703072000.00,C0001003
141,703073550.00,C0001003
142,703074050.00,C0001003
143,703075650.00,C0001003
144,703076150.00,C0001003
145,703077750.00,C0001003
146,703078250.00,C0001003
147,703079850.00,C0001003
148,703080350.00,C0001003
149,703081950.00,C0001003
150,703082450.00,C0001003
151,703084050.00,C0001003
152,703084550.00,C0001003
153,703086150.00,C0001003
154,703086650.00,C0001003
155,703088250.00,C0001003
156,703088750.00,C0001003
157,703090350.00,C0001003
158,703090850.00,C0001003
159,703092450.00,C0001003
160,703092950.00,C0001003
161,703094550.00,C0001003
162,703095050.00,C0001003
163,703096600.00,C0001003
164,703097100.00,C0001003
165,703098700.00,C0001003
166,703099200.00,C0001003
167,703100800.00,C0001003
168,703101300.00,C0001003
169,703102900.00,C0001003
170,703103400.00,C0001003
171,703104950.00,C0001003
172,703105450.00,C0001003
173,703107050.00,C0001003
174,703107550.00,C0001003
175,703109150.00,C0001003
176,703109650.00,C0001003
177,703111250.00,C0001003
178,703111750.00,C0001003
179,703113350.00,C0001003
180,703113850.00,C0001003
181,703115450.00,C0001003
182,703115950.00,C0001003
183,703117550.00,C0001003
184,703118050.00,C0001003
185,703119650.00,C0001003
186,703120150.00,C0001003
187,703121750.00,C0001003
188,703122250.00,C0001003
189,703123850.00,C0001003
190,703124350.00,C0001003
191,703125950.00,C0001003
192,703126450.00,C0001003
193,703128000.00,C0001003
194,703128500.00,C0001003
195,703130100.00,C0001003
196,703130600.00,C0001003
197,703132200.00,C0001003
198,703132700.00,C0001003
199,703134300.00,C0001003
200,703134800.00,C0001003
201,703136350.00,C0001003
202,703136850.00,C0001003
203,703138450.00,C0001003
204,703138950.00,C0001003
205,703140550.00,C0001003
206,703141050.00,C0001003
207,703142650.00,C0001003
208,703143150.00,C0001003
209,703144750.00,C0001003
210,703145250.00,C0001003
211,703146850.00,C0001003
212,703147350.00,C0001003
213,703148950.00,C0001003
214,703149450.00,C0001003
215,703151050.00,C0001003
216,703151550.00,C0001003
217,703153150.00,C0001003
218,703153650.00,C0001003
219,703155250.00,C0001003
220,703155750.00,C0001003
221,703157350.00,C0001003
222,703157850.00,C0001003
223,703159400.00,C0001003
224,703159900.00,C0001003
225,703161500.00,C0001003
226,703162000.00,C0001003
227,703163600.00,C0001003
228,703164100.00,C0001003
229,703165700.00,C0001003
230,703166200.00,C0001003
231,703167750.00,C0001003
232,703168250.00,C0001003
233,703169850.00,C0001003
234,703170350.00,C0001003
235,703171950.00,C0001003
236,703172450.00,C0001003
237,703174050.00,C0001003
238,703174550.00,C0001003
239,703176150.00,C0001003
240,703176650.00,C0001003
241,703178250.00,C0001003
242,703178750.00,C0001003
243,703180350.00,C0001003
244,703180850.00,C0001003
245,703182450.00,C0001003
246,703182950.00,C0001003
247,703184550.00,C0001003
248,703185050.00,C0001003
249,703186650.00,C0001003
250,703187150.00,C0001003
251,703188750.00,C0001003
252,703189250.00,C0001003
253,703190800.00,C0001003
254,703191300.00,C0001003
255,703192900.00,C0001003
256,703193400.00,C0001003
257,703195000.00,C0001003
258,703195500.00,C0001003
259,703197100.00,C0001003
260,703197600.00,C0001003
261,703199150.00,C0001003
262,703199650.00,C0001003
263,703201250.00,C0001003
264,703201750.00,C0001003
265,703203350.00,C0001003
266,703203850.00,C0001003
267,703205450.00,C0001003
268,703205950.00,C0001003
269,703207550.00,C0001003
270,703208050.00,C0001003
271,703209650.00,C0001003
272,703210150.00,C0001003
273,703211750.00,C0001003
274,703212250.00,C0001003
275,703213850.00,C0001003
276,703214350.00,C0001003
277,703215950.00,C0001003
278,703216450.00,C0001003
279,703218050.00,C0001003
280,703218550.00,C0001003
281,703220150.00,C0001003
282,703220650.00,C0001003
283,703222200.00,C0001003
284,703222700.00,C0001003
285,703224300.00,C0001003
286,703224800.00,C0001003
287,703226400.00,C0001003
288,703226900.00,C0001003
289,703228500.00,C0001003
290,703229000.00,C0001003
291,703230550.00,C0001003
292,703231050.00,C0001003
293,703232650.00,C0001003
294,703233150.00,C0001003
295,703234750.00,C0001003
296,703235250.00,C0001003
297,703236850.00,C0001003
298,703237350.00,C0001003
299,703238950.00,C0001003
300,703239450.00,C0001003
301,703241050.00,C0001003
302,703241550.00,C0001003
303,703243150.00,C0001003
304,703243650.00,C0001003
305,703245250.00,C0001003
306,703245750.00,C0001003
307,703247350.00,C0001003
308,703247850.00,C0001003
309,703249450.00,C0001003
310,703249950.00,C0001003
311,703251550.00,C0001003
312,703252050.00,C0001003
313,703253600.00,C0001003
314,703254100.00,C0001003
315,703255700.00,C0001003
316,703256200.00,C0001003
317,703257800.00,C0001003
318,703258300.00,C0001003
319,703259900.00,C0001003
320,703260400.00,C0001003
321,703261950.00,C0001003
322,703262450.00,C0001003
323,703264050.00,C0001003
324,703264550.00,C0001003
325,703266150.00,C0001003
326,703266650.00,C0001003
327,703268250.00,C0001003
328,703268750.00,C0001003
329,703270350.00,C0001003
330,703270850.00,C0001003
331,703272450.00,C0001003
332,703272950.00,C0001003
333,703274550.00,C0001003
334,703275050.00,C0001003
335,703276650.00,C0001003
336,703277150.00,C0001003
337,703278750.00,C0001003
338,703279250.00,C0001003
339,703280850.00,C0001003
340,703281350.00,C0001003
341,703282950.00,C0001003
342,703283450.00,C0001003
343,703285000.00,C0001003
344,703285500.00,C0001003
345,703287100.00,C0001003
346,703287600.00,C0001003
347,703289200.00,C0001003
348,703289700.00,C0001003
349,703291300.00,C0001003
350,703291800.00,C0001003
351,703293350.00,C0001003
352,703293850.00,C0001003
353,703295450.00,C0001003
354,703295950.00,C0001003
355,703297550.00,C0001003
356,703298050.00,C0001003
357,703299650.00,C0001003
358,703300150.00,C0001003
359,703301750.00,C0001003
360,703302250.00,C0001003
361,703303850.00,C0001003
362,703304350.00,C0001003
363,703305950.00,C0001003
364,703306450.00,C0001003
365,703308050.00,C0001003
366,703308550.00,C0001003
367,703310150.00,C0001003
368,703310650.00,C0001003
369,703312250.00,C0001003
370,703312750.00,C0001003
371,703314350.00,C0001003
372,703314850.00,C0001003
373,703316400.00,C0001003
374,703316900.00,C0001003
375,703318500.00,C0001003
376,703319000.00,C0001003
377,703320600.00,C0001003
378,703321100.00,C0001003
379,703322700.00,C0001003
380,703323200.00,C0001003
381,703324750.00,C0001003
382,703325250.00,C0001003
383,703326850.00,C0001003
384,703327350.00,C0001003
385,703328950.00,C0001003
386,703329450.00,C0001003
387,703331050.00,C0001003
388,703331550.00,C0001003
389,703333150.00,C0001003
390,703333650.00,C0001003
391,703335250.00,C0001003
392,703335750.00,C0001003
393,703337350.00,C0001003
394,703337850.00,C0001003
395,703339450.00,C0001003
396,703339950.00,C0001003
397,703341550.00,C0001003
398,703342050.00,C0001003
399,703343650.00,C0001003
400,703344150.00,C0001003
401,703345750.00,C0001003
402,703346250.00,C0001003
403,703347800.00,C0001003
404,703348300.00,C0001003
405,703349900.00,C0001003
406,703350400.00,C0001003
407,703352000.00,C0001003
408,703352500.00,C0001003
409,703354100.00,C0001003
410,703354600.00,C0001003
411,703356150.00,C0001003
412,703356650.00,C0001003
413,703358250.00,C0001003
414,703358750.00,C0001003
415,703360350.00,C0001003
416,703360850.00,C0001003
417,703362450.00,C0001003
418,703362950.00,C0001003
419,703364550.00,C0001003
420,703365050.00,C0001003
421,703366650.00,C0001003
422,703367150.00,C0001003
423,703368750.00,C0001003
424,703369250.00,C0001003
425,703370850.00,C0001003
426,703371350.00,C0001003
427,703372950.00,C0001003
428,703373450.00,C0001003
429,703375050.00,C0001003
430,703375550.00,C0001003
431,703377150.00,C0001003
432,703377650.00,C0001003
433,703379200.00,C0001003
434,703379700.00,C0001003
435,703381300.00,C0001003
436,703381800.00,C0001003
437,703383400.00,C0001003
438,703383900.00,C0001003
439,703385500.00,C0001003
440,703386000.00,C0001003
441,703387550.00,C0001003
442,703388050.00,C0001003
443,703389650.00,C0001003
444,703390150.00,C0001003
445,703391750.00,C0001003
446,703392250.00,C0001003
447,703393850.00,C0001003
448,703394350.00,C0001003
449,703395950.00,C0001003
450,703396450.00,C0001003
451,703398050.00,C0001003
452,703398550.00,C0001003
453,703400150.00,C0001003
454,703400650.00,C0001003
455,703402250.00,C0001003
456,703402750.00,C0001003
457,703404350.00,C0001003
458,703404850.00,C0001003
459,703406450.00,C0001003
460,703406950.00,C0001003
461,703408550.00,C0001003
462,703409050.00,C0001003
463,703410600.00,C0001003
464,703411100.00,C0001003
465,703412700.00,C0001003
466,703413200.00,C0001003
467,703414800.00,C0001003
468,703415300.00,C0001003
469,703416900.00,C0001003
470,703417400.00,C0001003
471,703418950.00,C0001003
472,703419450.00,C0001003
473,703421050.00,C0001003
474,703421550.00,C0001003
475,703423150.00,C0001003
476,703423650.00,C0001003
477,703425250.00,C0001003
478,703425750.00,C0001003
479,703427350.00,C0001003
480,703427850.00,C0001003
481,703429450.00,C0001003
482,703429950.00,C0001003
483,703431550.00,C0001003
484,703432050.00,C0001003
485,703433650.00,C0001003
486,703434150.00,C0001003
487,703435750.00,C0001003
488,703436250.00,C0001003
489,703437850.00,C0001003
490,703438350.00,C0001003
491,703439950.00,C0001003
492,703440450.00,C0001003
493,703442000.00,C0001003
494,703442500.00,C0001003
495,703444100.00,C0001003
496,703444600.00,C0001003
497,703446200.00,C0001003
498,703446700.00,C0001003
499,703448300.00,C0001003
500,703448800.00,C0001003
501,703450350.00,C0001003
502,703450850.00,C0001003
503,703452450.00,C0001003
504,703452950.00,C0001003
505,703454550.00,C0001003
506,703455050.00,C0001003
507,703456650.00,C0001003
508,703457150.00,C0001003
509,703458750.00,C0001003
510,703459250.00,C0001003
511,703460850.00,C0001003
512,703461350.00,C0001003
513,703462950.00,C0001003
514,703463450.00,C0001003
515,703465050.00,C0001003
516,703465550.00,C0001003
517,703467150.00,C0001003
518,703467650.00,C0001003
519,703469250.00,C0001003
520,703469750.00,C0001003
521,703471350.00,C0001003
522,703471850.00,C0001003
523,703473400.00,C0001003
524,703473900.00,C0001003
525,703475500.00,C0001003
526,703476000.00,C0001003
527,703477600.00,C0001003
528,703478100.00,C0001003
529,703479700.00,C0001003
530,703480200.00,C0001003
531,703481750.00,C0001003
532,703482250.00,C0001003
533,703483850.00,C0001003
534,703484350.00,C0001003
535,703485950.00,C0001003
536,703486450.00,C0001003
537,703488050.00,C0001003
538,703488550.00,C0001003
539,703490150.00,C0001003
540,703490650.00,C0001003
541,703492250.00,C0001003
542,703492750.00,C0001003
543,703494350.00,C0001003
544,703494850.00,C0001003
545,703496450.00,C0001003
546,703496950.00,C0001003
547,703498550.00,C0001003
548,703499050.00,C0001003
549,703500650.00,C0001003
550,703501150.00,C0001003
551,703502750.00,C0001003
552,703503250.00,C0001003
553,703504800.00,C0001003
554,703505300.00,C0001003
555,703506900.00,C0001003
556,703507400.00,C0001003
557,703509000.00,C0001003
558,703509500.00,C0001003
559,703511100.00,C0001003
560,703511600.00,C0001003
561,703513150.00,C0001003
562,703513650.00,C0001003
563,703515250.00,C0001003
564,703515750.00,C0001003
565,703517350.00,C0001003
566,703517850.00,C0001003
567,703519450.00,C0001003
568,703519950.00,C0001003
569,703521550.00,C0001003
570,703522050.00,C0001003
571,703523650.00,C0001003
572,703524150.00,C0001003
573,703525750.00,C0001003
574,703526250.00,C0001003
575,703527850.00,C0001003
576,703528350.00,C0001003
577,703529950.00,C0001003
578,703530450.00,C0001003
579,703532050.00,C0001003
580,703532550.00,C0001003
581,703534150.00,C0001003
582,703534650.00,C0001003
583,703536550.00,C0001003
584,712257100.00,80000300
585,712284500.00,90000000
586,712284750.00,90000000
587,712293350.00,80000000
588,712294350.00,80000002
589,712295300.00,80000004
590,712296600.00,80000204
591,712297550.00,80000302
592,712298750.00,80000100
593,712302350.00,90000203
594,712303300.00,90000000
595,712304750.00,90000000
596,712305900.00,90000000
597,712307350.00,90000200
598,712308500.00,90000200
599,712374050.00,C0001003
600,712380350.00,0000C007
601,712381000.00,D000D404
602,712381300.00,D0001404
603,712389750.00,E0000404
604,712395750.00,F0001000
605,712405950.00,90000000
606,712406200.00,90000000
607,712429000.00,10000000
608,712436450.00,00000000
609,712438550.00,10000001
610,712440150.00,00000007
611,712442100.00,10000002
612,712443700.00,0000FF00
613,712445200.00,10000003
614,712446800.00,0000FF07
615,712448450.00,10000004
616,712450400.00,00000000
617,712451900.00,10000005
618,712453500.00,00000007
619,712455450.00,10000006
620,712457050.00,0000FF00
621,712458300.00,10000007
622,712459900.00,0000FF07
623,712461600.00,10000000
624,712463200.00,0000FF07
625,712464750.00,10000001
626,712466350.00,0000FF00
627,712468050.00,10000002
628,712469450.00,00000007
629,712471000.00,10000003
630,712472600.00,00000000
631,712474250.00,10000004
632,712475850.00,0000FF07
633,712477400.00,10000005
634,712479000.00,0000FF00
635,712480750.00,10000006
636,712482350.00,00000007
637,712483900.00,10000007
638,712485500.00,00000000
639,712487300.00,10000000
640,712488900.00,00000000
641,712490750.00,10000001
642,712492250.00,00000000
643,712493750.00,10000002
644,712495350.00,00000000
645,712496850.00,10000003
646,712498450.00,00000000
647,712499950.00,10000004
648,712501550.00,00000000
649,712502950.00,10000005
650,712504550.00,00000000
651,712506050.00,10000006
652,712507650.00,00000000
653,712509150.00,10000007
654,712510750.00,00000000
655,712512250.00,10000000
656,712513850.00,00000000
657,712515350.00,10000001
658,712516950.00,00000000
659,712518450.00,10000002
660,712520050.00,00000000
661,712521550.00,10000003
662,712523150.00,00000000
663,712524650.00,10000004
664,712526100.00,00000000
665,712527600.00,10000005
666,712529200.00,00000000
667,712530700.00,10000006
668,712532300.00,00000000
669,712533800.00,10000007
670,712535400.00,00000000
671,712536900.00,10000000
672,712538500.00,00000000
673,712540000.00,10000001
674,712541600.00,00000000
675,712543100.00,10000002
676,712544700.00,00000000
677,712546200.00,10000003
678,712547800.00,00000000
679,712549250.00,10000004
680,712550850.00,00000000
681,712552350.00,10000005
682,712553950.00,00000000
683,712555450.00,10000006
684,712557050.00,00000000
685,712558550.00,10000007
686,712560000.00,00000000
687,712561500.00,10000000
688,712563100.00,00000000
689,712564600.00,10000001
690,712566200.00,00000000
691,712567700.00,10000002
692,712569300.00,00000000
693,712570800.00,10000003
694,712572400.00,00000000
695,712573900.00,10000004
696,712575500.00,00000000
697,712577000.00,10000005
698,712578600.00,00000000
699,712580100.00,10000006
700,712581700.00,00000000
701,712583100.00,10000007
702,712584700.00,00000000
703,712586200.00,10000000
704,712587800.00,00000000
705,712589300.00,10000001
706,712590900.00,00000000
707,712592400.00,10000002
708,712593750.00,00000000
709,712595250.00,10000003
710,712596850.00,00000000
711,712598350.00,10000004
712,712599950.00,00000000
713,712601450.00,10000005
714,712603050.00,00000000
715,712604550.00,10000006
716,712606050.00,00000000
717,712607550.00,10000007
718,712609150.00,00000000
719,712610650.00,10000000
720,712612250.00,00000000
721,712613750.00,10000001
722,712615350.00,00000000
723,712616800.00,10000002
724,712618400.00,00000000
725,712619900.00,10000003
726,712621500.00,00000000
727,712623000.00,10000004
728,712624600.00,00000000
729,712626100.00,10000005
730,712627700.00,00000000
731,712629200.00,10000006
732,712630800.00,00000000
733,712632300.00,10000007
734,712633900.00,00000000
735,712635400.00,10000000
736,712637000.00,00000000
737,712638500.00,10000001
738,712639950.00,00000000
739,712641450.00,10000002
740,712643050.00,00000000
741,712644550.00,10000003
742,712646150.00,00000000
743,712647650.00,10000004
744,712649250.00,00000000
745,712650750.00,10000005
746,712652350.00,00000000
747,712653850.00,10000006
748,712655450.00,00000000
749,712656950.00,10000007
750,712658550.00,00000000
751,712660050.00,10000000
752,712661650.00,00000000
753,712663100.00,10000001
754,712664700.00,00000000
755,712666200.00,10000002
756,712667800.00,00000000
757,712669300.00,10000003
758,712670900.00,00000000
759,712672400.00,10000004
760,712673850.00,00000000
761,712675350.00,10000005
762,712676950.00,00000000
763,712678450.00,10000006
764,712680050.00,00000000
765,712681550.00,10000007
766,712683150.00,00000000
767,712684650.00,10000000
768,712686250.00,00000000
769,712687750.00,10000001
770,712689350.00,00000000
771,712690850.00,10000002
772,712692450.00,00000000
773,712693950.00,10000003
774,712695550.00,00000000
775,712696950.00,10000004
776,712698550.00,00000000
777,712700050.00,10000005
778,712701650.00,00000000
779,712703150.00,10000006
780,712704750.00,00000000
781,712706250.00,10000007
782,712707600.00,00000000
783,712709100.00,10000000
784,712710700.00,00000000
785,712712200.00,10000001
786,712713800.00,00000000
787,712715300.00,10000002
788,712716900.00,00000000
789,712718400.00,10000003
790,712719900.00,00000000
791,712721400.00,10000004
792,712723000.00,00000000
793,712724500.00,10000005
794,712726100.00,00000000
795,712727600.00,10000006
796,712729200.00,00000000
797,712730650.00,10000007
798,712732250.00,00000000
799,712733750.00,10000000
800,712735350.00,00000000
801,712736850.00,10000001
802,712738450.00,00000000
803,712739950.00,10000002
804,712741550.00,00000000
805,712743050.00,10000003
806,712744650.00,00000000
807,712746150.00,10000004
808,712747750.00,00000000
809,712749250.00,10000005
810,712750850.00,00000000
811,712752350.00,10000006
812,712753800.00,00000000
813,712755300.00,10000007
814,712756900.00,00000000
815,712758400.00,10000000
816,712760000.00,00000000
817,712761500.00,10000001
818,712763100.00,00000000
819,712764600.00,10000002
820,712766200.00,00000000
821,712767700.00,10000003
822,712769300.00,00000000
823,712770800.00,10000004
824,712772400.00,00000000
825,712773900.00,10000005
826,712775500.00,00000000
827,712776950.00,10000006
828,712778550.00,00000000
829,712780050.00,10000007
830,712781650.00,00000000
831,712783150.00,10000000
832,712784750.00,00000000
833,712786250.00,10000001
834,712787700.00,00000000
835,712789200.00,10000002
836,712790800.00,00000000
837,712792300.00,10000003
838,712793900.00,00000000
839,712795400.00,10000004
840,712797000.00,00000000
841,712798500.00,10000005
842,712800100.00,00000000
843,712801600.00,10000006
844,712803200.00,00000000
845,712804700.00,10000007
846,712806300.00,00000000
847,712807800.00,10000000
848,712809400.00,00000000
849,712810800.00,10000001
850,712812400.00,00000000
851,712813900.00,10000002
852,712815500.00,00000000
853,712817000.00,10000003
854,712818600.00,00000000
855,712820100.00,10000004
856,712821450.00,00000000
857,712822950.00,10000005
858,712824550.00,00000000
859,712826050.00,10000006
860,712827650.00,00000000
861,712829150.00,10000007
862,712830750.00,00000000
863,712832250.00,10000000
864,712833750.00,00000000
865,712835250.00,10000001
866,712836850.00,00000000
867,712838350.00,10000002
868,712839950.00,00000000
869,712841450.00,10000003
870,712843050.00,00000000
871,712844500.00,10000004
872,712846100.00,00000000
873,712847600.00,10000005
874,712849200.00,00000000
875,712850700.00,10000006
876,712852300.00,00000000
877,712853800.00,10000007
878,712855400.00,00000000
879,712856900.00,10000000
880,712858500.00,00000000
881,712860000.00,10000001
882,712861600.00,00000000
883,712863100.00,10000002
884,712864700.00,00000000
885,712866200.00,10000003
886,712867650.00,00000000
887,712869150.00,10000004
888,712870750.00,00000000
889,712872250.00,10000005
890,712873850.00,00000000
891,712875350.00,10000006
892,712876950.00,00000000
893,712878450.00,10000007
894,712880050.00,00000000
895,712881550.00,10000000
896,712883150.00,00000000
897,712884650.00,10000001
898,712886250.00,00000000
899,712887750.00,10000002
900,712889350.00,00000000
901,712890800.00,10000003
902,712892400.00,00000000
903,712893900.00,10000004
904,712895500.00,00000000
905,712897000.00,10000005
906,712898600.00,00000000
907,712900100.00,10000006
908,712901550.00,00000000
909,712903050.00,10000007
910,712904650.00,00000000
911,712906150.00,10000000
912,712907750.00,00000000
913,712909250.00,10000001
914,712910850.00,00000000
915,712912350.00,10000002
916,712913950.00,00000000
917,712915450.00,10000003
918,712917050.00,00000000
919,712918550.00,10000004
920,712920150.00,00000000
921,712921650.00,10000005
922,712923250.00,00000000
923,712924650.00,10000006
924,712926250.00,00000000
925,712927750.00,10000007
926,712929350.00,00000000
927,712930850.00,10000000
928,712932450.00,00000000
929,712933950.00,10000001
930,712935300.00,00000000
931,712936800.00,10000002
932,712938400.00,00000000
933,712939900.00,10000003
934,712941500.00,00000000
935,712943000.00,10000004
936,712944600.00,00000000
937,712946100.00,10000005
938,712947600.00,00000000
939,712949100.00,10000006
940,712950700.00,00000000
941,712952200.00,10000007
942,712953800.00,00000000
943,712955300.00,10000000
944,712956900.00,00000000
945,712958350.00,10000001
946,712959950.00,00000000
947,712961450.00,10000002
948,712963050.00,00000000
949,712964550.00,10000003
950,712966150.00,00000000
951,712967650.00,10000004
952,712969250.00,00000000
953,712970750.00,10000005
954,712972350.00,00000000
955,712973850.00,10000006
956,712975450.00,00000000
957,712976950.00,10000007
958,712978550.00,00000000
959,712980050.00,10000000
960,712981500.00,00000000
961,712983000.00,10000001
962,712984600.00,00000000
963,712986100.00,10000002
964,712987700.00,00000000
965,712989200.00,10000003
966,712990800.00,00000000
967,712992300.00,10000004
968,712993900.00,00000000
969,712995400.00,10000005
970,712997000.00,00000000
971,712998500.00,10000006
972,713000100.00,00000000
973,713001600.00,10000007
974,713003200.00,00000000
975,713004650.00,10000000
976,713006250.00,00000000
977,713007750.00,10000001
978,713009350.00,00000000
979,713010850.00,10000002
980,713012450.00,00000000
981,713013950.00,10000003
982,713015400.00,00000000
983,713016900.00,10000004
984,713018500.00,00000000
985,713020000.00,10000005
986,713021600.00,00000000
987,713023100.00,10000006
988,713024700.00,00000000
989,713026200.00,10000007
990,713027800.00,00000000
991,713029300.00,10000000
992,713030900.00,00000000
993,713032400.00,10000001
994,713034000.00,00000000
995,713035500.00,10000002
996,713037100.00,00000000
997,713038500.00,10000003
998,713040100.00,00000000
999,713041600.00,10000004
1000,713043200.00,00000000
1001,713044700.00,10000005
1002,713046300.00,00000000
1003,713047800.00,10000006
1004,713049150.00,00000000
1005,713050650.00,10000007
1006,713052250.00,00000000
1007,713053750.00,10000000
1008,713055350.00,00000000
1009,713056850.00,10000001
1010,713058450.00,00000000
1011,713059950.00,10000002
1012,713061450.00,00000000
1013,713062950.00,10000003
1014,713064550.00,00000000
1015,713066050.00,10000004
1016,713067650.00,00000000
1017,713069150.00,10000005
1018,713070750.00,00000000
1019,713072200.00,10000006
1020,713073800.00,00000000
1021,713075300.00,10000007
1022,713076900.00,00000000
1023,713078400.00,10000000
1024,713080000.00,00000000
1025,713081500.00,10000001
1026,713083100.00,00000000
1027,713084600.00,10000002
1028,713086200.00,00000000
1029,713087700.00,10000003
1030,713089300.00,00000000
1031,713090800.00,10000004
1032,713092400.00,00000000
1033,713093900.00,10000005
1034,713095350.00,00000000
1035,713096850.00,10000006
1036,713098450.00,00000000
1037,713099950.00,10000007
1038,713101550.00,00000000
1039,713103050.00,10000000
1040,713104650.00,00000000
1041,713106150.00,10000001
1042,713107750.00,00000000
1043,713109250.00,10000002
1044,713110850.00,00000000
1045,713112350.00,10000003
1046,713113950.00,00000000
1047,713115450.00,10000004
1048,713117050.00,00000000
1049,713118500.00,10000005
1050,713120100.00,00000000
1051,713121600.00,10000006
1052,713123200.00,00000000
1053,713124700.00,10000007
1054,713126300.00,00000000
1055,713127800.00,10000000
1056,713129250.00,00000000
1057,713130750.00,10000001
1058,713132350.00,00000000
1059,713133850.00,10000002
1060,713135450.00,00000000
1061,713136950.00,10000003
1062,713138550.00,00000000
1063,713140050.00,10000004
1064,713141650.00,00000000
1065,713143150.00,10000005
1066,713144750.00,00000000
1067,713146250.00,10000006
1068,713147850.00,00000000
1069,713149350.00,10000007
1070,713150950.00,00000000
1071,713152350.00,10000000
1072,713153950.00,00000000
1073,713155450.00,10000001
1074,713157050.00,00000000
1075,713158550.00,10000002
1076,713160150.00,00000000
1077,713161650.00,10000003
1078,713163000.00,00000000
1079,713164500.00,10000004
1080,713166100.00,00000000
1081,713167600.00,10000005
1082,713169200.00,00000000
1083,713170700.00,10000006
1084,713172300.00,00000000
1085,713173800.00,10000007
1086,713175300.00,00000000
1087,713176800.00,10000000
1088,713178400.00,00000000
1089,713179900.00,10000001
1090,713181500.00,00000000
1091,713183000.00,10000002
1092,713184600.00,00000000
1093,713186050.00,10000003
1094,713187650.00,00000000
1095,713189150.00,10000004
1096,713190750.00,00000000
1097,713192250.00,10000005
1098,713193850.00,00000000
1099,713195350.00,10000006
1100,713196950.00,00000000
1101,713198450.00,10000007
1102,713200050.00,00000000
1103,713201550.00,10000000
1104,713203150.00,00000000
1105,713204650.00,10000001
1106,713206250.00,00000000
1107,713207750.00,10000002
1108,713209200.00,00000000
1109,713210700.00,10000003
1110,713212300.00,00000000
1111,713213800.00,10000004
1112,713215400.00,00000000
1113,713216900.00,10000005
1114,713218500.00,00000000
1115,713220000.00,10000006
1116,713221600.00,00000000
1117,713223100.00,10000007
1118,713224700.00,00000000
1119,713228650.00,40000000
1120,798635400.00,90000000
1121,798635650.00,90000000
1122,850291200.00,90000000
1123,850291450.00,90000000
1124,901565250.00,90000000
1125,901565500.00,90000000
1126,952503550.00,90000000
1127,952503800.00,90000000
1128,1003275150.00,90000000
1129,1003275400.00,90000000
1130,1053962200.00,90000000
1131,1053962450.00,90000000
1132,1101949400.00,90000000
1133,1101949700.00,90000000
1134,1152504550.00,90000000
1135,1152504850.00,90000000
1136,1203088700.00,90000000
1137,1203089000.00,90000000
1138,1253670250.00,90000000
1139,1253670500.00,90000000
1140,1304225700.00,90000000
1141,1304225950.00,90000000
1142,1354777350.00,90000000
1143,1354777600.00,90000000
1144,1405414450.00,90000000
1145,1405414700.00,90000000
1146,1456193300.00,90000000
1147,1456193550.00,90000000
1148,1507047700.00,90000000
1149,1507048000.00,90000000
1150,1557899450.00,90000000
1151,1557899700.00,90000000
1152,1608619250.00,90000000
1153,1608619500.00,90000000
1154,1659225000.00,90000000
1155,1659225250.00,90000000
1156,1709788150.00,90000000
1157,1709788450.00,90000000
1158,1760320800.00,90000000
1159,1760321050.00,90000000
1160,1810828150.00,90000000
1161,1810828400.00,90000000
1162,1861334400.00,90000000
1163,1861334700.00,90000000
1164,1911824950.00,90000000
1165,1911825200.00,90000000
1166,1962313700.00,90000000
1167,1962314000.00,90000000
1168,2012803350.00,90000000
1169,2012803650.00,90000000
1170,2063277800.00,90000000
1171,2063278050.00,90000000
1172,2113925300.00,90000000
1173,2113925600.00,90000000
1174,2164687300.00,90000000
1175,2164687550.00,90000000
1176,2215493850.00,90000000
1177,2215494150.00,90000000
1178,2266270500.00,90000000
1179,2266270750.00,90000000
1180,2316893800.00,90000000
1181,2316894050.00,90000000
1182,2367443300.00,90000000
1183,2367443600.00,90000000
1184,2417942850.00,90000000
1185,2417943100.00,90000000
1186,2468430000.00,90000000
1187,2468430250.00,90000000
1188,2518910600.00,90000000
1189,2518910850.00,90000000
1190,2569399750.00,90000000
1191,2569400000.00,90000000
1192,2619880550.00,90000000
1193,2619880800.00,90000000
1194,2670355350.00,90000000
1195,2670355650.00,90000000
1196,2720819000.00,90000000
1197,2720819250.00,90000000
1198,2771323500.00,90000000
1199,2771323750.00,90000000
1200,2821980850.00,90000000
1201,2821981100.00,90000000
1202,2872740650.00,90000000
1203,2872740950.00,90000000
1204,2923540850.00,90000000
1205,2923541100.00,90000000
1206,2974262600.00,90000000
1207,2974262850.00,90000000
1208,3024857100.00,90000000
1209,3024857400.00,90000000
1210,3075375000.00,90000000
1211,3075375250.00,90000000
1212,3125866500.00,90000000
1213,3125866750.00,90000000
1214,3176337450.00,90000000
1215,3176337750.00,90000000
1216,3226799900.00,90000000
1217,3226800150.00,90000000
1218,3277265350.00,90000000
1219,3277265600.00,90000000
1220,3327681750.00,90000000
1221,3327682000.00,90000000
1222,3378134800.00,90000000
1223,3378135050.00,90000000
1224,3428601100.00,90000000
1225,3428601350.00,90000000
1226,3479114950.00,90000000
1227,3479115200.00,90000000
1228,3529794250.00,90000000
1229,3529794550.00,90000000
1230,3580552750.00,90000000
1231,3580553000.00,90000000
1232,3631347800.00,90000000
1233,3631348050.00,90000000
1234,3682067300.00,90000000
1235,3682067550.00,90000000
1236,3732649400.00,90000000
1237,3732649700.00,90000000
1238,3783169100.00,90000000
1239,3783169400.00,90000000
1240,3833650100.00,90000000
1241,3833650350.00,90000000
1242,3884118300.00,90000000
1243,3884118600.00,90000000
1244,3934574050.00,90000000
1245,3934574300.00,90000000
1246,3985030950.00,90000000
1247,3985031200.00,90000000
1248,4035480700.00,90000000
1249,4035480950.00,90000000
1250,4085932900.00,90000000
1251,4085933150.00,90000000
1252,4136381250.00,90000000
1253,4136381500.00,90000000
1254,4186836300.00,90000000
1255,4186836550.00,90000000
1256,4237408000.00,90000000
1257,4237408250.00,90000000
1258,4288108750.00,90000000
1259,4288109000.00,90000000
1260,4338869200.00,90000000
1261,4338869450.00,90000000
1262,4389577350.00,90000000
1263,4389577650.00,90000000
1264,4440160550.00,90000000
1265,4440160800.00,90000000
1266,4490678650.00,90000000
1267,4490678900.00,90000000
1268,4541139550.00,90000000
1269,4541139800.00,90000000
1270,4591577300.00,90000000
1271,4591577550.00,90000000
1272,4641972850.00,90000000
1273,4641973100.00,90000000
1274,4692369150.00,90000000
1275,4692369400.00,90000000
1276,4742773600.00,90000000
1277,4742773850.00,90000000
1278,4793189250.00,90000000
1279,4793189550.00,90000000
1280,4843596750.00,90000000
1281,4843597000.00,90000000
1282,4894009750.00,90000000
1283,4894010000.00,90000000
1284,4944442950.00,90000000
1285,4944443200.00,90000000
1286,4994868200.00,90000000
1287,4994868450.00,90000000
1288,5045278200.00,90000000
1289,5045278500.00,90000000
1290,5095721500.00,90000000
1291,5095721750.00,90000000
1292,5146249100.00,90000000
1293,5146249350.00,90000000
1294,5196921750.00,90000000
1295,5196922050.00,90000000
1296,5247675700.00,90000000
1297,5247675950.00,90000000
1298,5298395150.00,90000000
1299,5298395400.00,90000000
1300,5348980200.00,90000000
1301,5348980450.00,90000000
1302,5399463900.00,90000000
1303,5399464150.00,90000000
1304,5449908600.00,90000000
1305,5449908850.00,90000000
1306,5500335150.00,90000000
1307,5500335400.00,90000000
1308,5550759100.00,90000000
1309,5550759350.00,90000000
1310,5601189950.00,90000000
1311,5601190200.00,90000000
1312,5651614100.00,90000000
1313,5651614350.00,90000000
1314,5702058450.00,90000000
1315,5702058700.00,90000000
1316,5752509000.00,90000000
1317,5752509250.00,90000000
1318,5802905500.00,90000000
1319,5802905750.00,90000000
1320,5853326900.00,90000000
1321,5853327150.00,90000000
1322,5903727700.00,90000000
1323,5903728000.00,90000000
1324,5954123050.00,90000000
1325,5954123300.00,90000000
1326,6004538300.00,90000000
1327,6004538600.00,90000000
1328,6054974100.00,90000000
1329,6054974400.00,90000000
1330,6105403650.00,90000000
1331,6105403950.00,90000000
1332,6155935850.00,90000000
1333,6155936100.00,90000000
1334,6206607400.00,90000000
1335,6206607700.00,90000000
1336,6257303550.00,90000000
1337,6257303800.00,90000000
1338,6307949450.00,90000000
1339,6307949700.00,90000000
1340,6358457950.00,90000000
1341,6358458200.00,90000000
1342,6408936350.00,90000000
1343,6408936600.00,90000000
1344,6459400850.00,90000000
1345,6459401100.00,90000000
1346,6509847200.00,90000000
1347,6509847450.00,90000000
1348,6560281150.00,90000000
1349,6560281400.00,90000000
1350,6610683200.00,90000000
1351,6610683450.00,90000000
1352,6661072800.00,90000000
1353,6661073050.00,90000000
1354,6711460100.00,90000000
1355,6711460350.00,90000000
1356,6761826300.00,90000000
1357,6761826600.00,90000000
1358,6812201850.00,90000000
1359,6812202150.00,90000000
1360,6862583450.00,90000000
1361,6862583700.00,90000000
1362,6912960100.00,90000000
1363,6912960400.00,90000000
1364,6963351050.00,90000000
1365,6963351300.00,90000000
1366,7013733400.00,90000000
1367,7013733650.00,90000000
1368,7064164650.00,90000000
1369,7064164950.00,90000000
1370,7114604650.00,90000000
1371,7114604900.00,90000000
1372,7165098700.00,90000000
1373,7165098950.00,90000000
1374,7215680000.00,90000000
1375,7215680300.00,90000000
1376,7266307450.00,90000000
1377,7266307700.00,90000000
1378,7316960300.00,90000000
1379,7316960600.00,90000000
1380,7367511100.00,90000000
1381,7367511350.00,90000000
1382,7418013100.00,90000000
1383,7418013400.00,90000000
1384,7468485200.00,90000000
1385,7468485450.00,90000000
1386,7518944000.00,90000000
1387,7518944250.00,90000000
1388,7569361300.00,90000000
1389,7569361600.00,90000000
1390,7619768650.00,90000000
1391,7619768900.00,90000000
1392,7670198700.00,90000000
1393,7670198950.00,90000000
1394,7720641250.00,90000000
1395,7720641550.00,90000000
1396,7771096300.00,90000000
1397,7771096550.00,90000000
1398,7821552750.00,90000000
1399,7821553050.00,90000000
1400,7871996050.00,90000000
1401,7871996300.00,90000000
1402,7922441700.00,90000000
1403,7922441950.00,90000000
1404,7972886650.00,90000000
1405,7972886900.00,90000000
1406,8023387550.00,90000000
1407,8023387850.00,90000000
1408,8074038950.00,90000000
1409,8074039200.00,90000000
1410,8124776650.00,90000000
1411,8124776900.00,90000000
1412,8175557100.00,90000000
1413,8175557400.00,90000000
1414,8226242350.00,90000000
1415,8226242600.00,90000000
1416,8276772550.00,90000000
1417,8276772800.00,90000000
1418,8327256750.00,90000000
1419,8327257050.00,90000000
1420,8377711200.00,90000000
1421,8377711500.00,90000000
1422,8428155650.00,90000000
1423,8428155900.00,90000000
1424,8478601300.00,90000000
1425,8478601550.00,90000000
1426,8529043100.00,90000000
1427,8529043400.00,90000000
1428,8579483850.00,90000000
1429,8579484100.00,90000000
1430,8629931400.00,90000000
1431,8629931700.00,90000000
1432,8680370350.00,90000000
1433,8680370600.00,90000000
1434,8730803100.00,90000000
1435,8730803350.00,90000000
1436,8781249950.00,90000000
1437,8781250200.00,90000000
1438,8831800550.00,90000000
1439,8831800850.00,90000000
1440,8882492200.00,90000000
1441,8882492450.00,90000000
1442,8933255900.00,90000000
1443,8933256200.00,90000000
1444,8984030800.00,90000000
1445,8984031050.00,90000000
1446,9034688250.00,90000000
1447,9034688500.00,90000000
1448,9085221150.00,90000000
1449,9085221400.00,90000000
1450,9135713700.00,90000000
1451,9135713950.00,90000000
1452,9186188200.00,90000000
1453,9186188500.00,90000000
1454,9236652300.00,90000000
1455,9236652600.00,90000000
1456,9287102950.00,90000000
1457,9287103200.00,90000000
1458,9337570100.00,90000000
1459,9337570400.00,90000000
1460,9388035650.00,90000000
1461,9388035900.00,90000000
1462,9438498750.00,90000000
1463,9438499050.00,90000000
1464,9488938300.00,90000000
1465,9488938550.00,90000000
1466,9539404100.00,90000000
1467,9539404350.00,90000000
1468,9589873350.00,90000000
1469,9589873650.00,90000000
1470,9640485600.00,90000000
1471,9640485900.00,90000000
1472,9691224000.00,90000000
1473,9691224300.00,90000000
1474,9742018400.00,90000000
1475,9742018650.00,90000000
1476,9792787050.00,90000000
1477,9792787350.00,90000000
1478,9843416650.00,90000000
1479,9843416900.00,90000000
1480,9893969450.00,90000000
1481,9893969700.00,90000000
1482,9944477550.00,90000000
1483,9944477800.00,90000000
1484,9994971950.00,90000000
1485,9994972200.00,90000000
1486,10045428250.00,90000000
1487,10045428550.00,90000000
1488,10095894050.00,90000000
1489,10095894350.00,90000000
1490,10146359300.00,90000000
1491,10146359550.00,90000000
1492,10196826900.00,90000000
1493,10196827150.00,90000000
1494,10247302200.00,90000000
1495,10247302450.00,90000000
1496,10297775700.00,90000000
1497,10297775950.00,90000000
1498,10348249650.00,90000000
1499,10348249900.00,90000000
1500,10398838750.00,90000000
1501,10398839050.00,90000000
1502,10449555450.00,90000000
1503,10449555750.00,90000000
1504,10500337550.00,90000000
1505,10500337800.00,90000000
1506,10551100900.00,90000000
1507,10551101150.00,90000000
1508,10601721950.00,90000000
1509,10601722200.00,90000000
1510,10652262200.00,90000000
1511,10652262450.00,90000000
1512,10702770350.00,90000000
1513,10702770600.00,90000000
1514,10746731100.00,90000000
1515,10746731350.00,90000000
1516,10775267150.00,B0000004
1517,10775268350.00,B0000003
1518,10788646600.00,90000000
1519,10788646900.00,90000000
1520,10841062700.00,90000000
1521,10841062950.00,90000000
1522,10909973450.00,90000000
1523,10909973750.00,90000000
1524,10981282250.00,90000000
1525,10981282550.00,90000000
1526,11052990800.00,90000000
1527,11052991100.00,90000000
1528,11123293350.00,90000000
1529,11123293650.00,90000000
1530,11190790750.00,90000000
1531,11190791000.00,90000000
1532,11264255250.00,90000000
1533,11264255500.00,90000000
1534,11339335000.00,90000000
1535,11339335250.00,90000000
1536,11414118000.00,90000000
1537,11414118250.00,90000000
1538,11484029450.00,90000000
1539,11484029700.00,90000000
1540,11561257450.00,90000000
1541,11561257700.00,90000000
1542,11635829200.00,90000000
1543,11635829450.00,90000000
1544,11662842150.00,80000300
1545,11662843100.00,80000000
1546,11662844050.00,80000002
1547,11662844900.00,80000004
1548,11662846200.00,80000204
1549,11662847150.00,80000302
1550,11662848350.00,80000100
1551,11662851950.00,90000203
1552,11662852900.00,90000000
1553,11662854350.00,90000000
1554,11662855450.00,90000000
1555,11662856900.00,90000200
1556,11662858050.00,90000200
1557,11663217450.00,C0001003
1558,11663225000.00,0000C007
1559,11663225650.00,D000D404
1560,11663225950.00,D0001404
1561,11663234400.00,E0000404
1562,11663240950.00,F0001000
1563,11663253650.00,90000000
1564,11663253900.00,90000000
1565,11663280600.00,10000000
1566,11663288400.00,00000000
1567,11663290500.00,10000001
1568,11663292100.00,00000007
1569,11663294050.00,10000002
1570,11663295400.00,0000FF00
1571,11663296900.00,10000003
1572,11663298500.00,0000FF07
1573,11663300150.00,10000004
1574,11663302050.00,00000000
1575,11663303550.00,10000005
1576,11663305150.00,00000007
1577,11663306950.00,10000006
1578,11663308450.00,0000FF00
1579,11663309950.00,10000007
1580,11663311550.00,0000FF07
1581,11663313200.00,10000000
1582,11663314800.00,0000FF07
1583,11663316350.00,10000001
1584,11663317950.00,0000FF00
1585,11663319500.00,10000002
1586,11663321100.00,00000007
1587,11663322650.00,10000003
1588,11663324250.00,00000000
1589,11663325950.00,10000004
1590,11663327550.00,0000FF07
1591,11663329100.00,10000005
1592,11663330350.00,0000FF00
1593,11663332350.00,10000006
1594,11663333950.00,00000007
1595,11663335500.00,10000007
1596,11663337100.00,00000000
1597,11663338900.00,10000000
1598,11663340500.00,00000000
1599,11663342250.00,10000001
1600,11663343850.00,00000000
1601,11663345350.00,10000002
1602,11663346900.00,00000000
1603,11663348400.00,10000003
1604,11663350000.00,00000000
1605,11663351500.00,10000004
1606,11663352850.00,00000000
1607,11663354350.00,10000005
1608,11663355950.00,00000000
1609,11663357450.00,10000006
1610,11663358900.00,00000000
1611,11663360400.00,10000007
1612,11663362000.00,00000000
1613,11663363450.00,10000000
1614,11663364950.00,00000000
1615,11663366450.00,10000001
1616,11663368050.00,00000000
1617,11663369550.00,10000002
1618,11663370850.00,00000000
1619,11663372350.00,10000003
1620,11663373700.00,00000000
1621,11663375200.00,10000004
1622,11663376600.00,00000000
1623,11663378100.00,10000005
1624,11663379700.00,00000000
1625,11663381200.00,10000006
1626,11663382800.00,00000000
1627,11663384300.00,10000007
1628,11663385850.00,00000000
1629,11663387350.00,10000000
1630,11663388950.00,00000000
1631,11663390450.00,10000001
1632,11663392050.00,00000000
1633,11663393550.00,10000002
1634,11663395150.00,00000000
1635,11663396400.00,10000003
1636,11663398000.00,00000000
1637,11663399500.00,10000004
1638,11663401100.00,00000000
1639,11663402600.00,10000005
1640,11663404200.00,00000000
1641,11663405700.00,10000006
1642,11663407300.00,00000000
1643,11663408800.00,10000007
1644,11663410400.00,00000000
1645,11663411900.00,10000000
1646,11663413500.00,00000000
1647,11663415000.00,10000001
1648,11663416600.00,00000000
1649,11663418100.00,10000002
1650,11663419600.00,00000000
1651,11663421100.00,10000003
1652,11663422700.00,00000000
1653,11663424200.00,10000004
1654,11663425800.00,00000000
1655,11663427300.00,10000005
1656,11663428700.00,00000000
1657,11663430100.00,10000006
1658,11663431700.00,00000000
1659,11663433200.00,10000007
1660,11663434800.00,00000000
1661,11663436300.00,10000000
1662,11663437900.00,00000000
1663,11663439400.00,10000001
1664,11663440900.00,00000000
1665,11663442400.00,10000002
1666,11663444000.00,00000000
1667,11663445500.00,10000003
1668,11663446900.00,00000000
1669,11663448400.00,10000004
1670,11663450000.00,00000000
1671,11663451400.00,10000005
1672,11663452750.00,00000000
1673,11663454250.00,10000006
1674,11663455850.00,00000000
1675,11663457350.00,10000007
1676,11663458750.00,00000000
1677,11663460250.00,10000000
1678,11663461850.00,00000000
1679,11663463250.00,10000001
1680,11663464750.00,00000000
1681,11663466250.00,10000002
1682,11663467850.00,00000000
1683,11663469350.00,10000003
1684,11663470600.00,00000000
1685,11663472100.00,10000004
1686,11663473600.00,00000000
1687,11663475100.00,10000005
1688,11663476400.00,00000000
1689,11663477900.00,10000006
1690,11663479500.00,00000000
1691,11663481000.00,10000007
1692,11663482400.00,00000000
1693,11663483900.00,10000000
1694,11663485400.00,00000000
1695,11663486900.00,10000001
1696,11663488400.00,00000000
1697,11663489900.00,10000002
1698,11663491500.00,00000000
1699,11663493000.00,10000003
1700,11663494550.00,00000000
1701,11663495800.00,10000004
1702,11663497400.00,00000000
1703,11663498900.00,10000005
1704,11663500450.00,00000000
1705,11663501950.00,10000006
1706,11663503550.00,00000000
1707,11663505050.00,10000007
1708,11663506650.00,00000000
1709,11663508150.00,10000000
1710,11663509750.00,00000000
1711,11663511250.00,10000001
1712,11663512850.00,00000000
1713,11663514350.00,10000002
1714,11663515950.00,00000000
1715,11663517400.00,10000003
1716,11663519000.00,00000000
1717,11663520500.00,10000004
1718,11663522100.00,00000000
1719,11663523450.00,10000005
1720,11663525050.00,00000000
1721,11663526550.00,10000006
1722,11663528150.00,00000000
1723,11663529550.00,10000007
1724,11663531150.00,00000000
1725,11663532650.00,10000000
1726,11663534250.00,00000000
1727,11663535750.00,10000001
1728,11663537350.00,00000000
1729,11663538850.00,10000002
1730,11663540200.00,00000000
1731,11663541700.00,10000003
1732,11663543300.00,00000000
1733,11663544800.00,10000004
1734,11663546400.00,00000000
1735,11663547900.00,10000005
1736,11663549500.00,00000000
1737,11663551000.00,10000006
1738,11663552500.00,00000000
1739,11663554000.00,10000007
1740,11663555600.00,00000000
1741,11663557100.00,10000000
1742,11663558700.00,00000000
1743,11663560200.00,10000001
1744,11663561800.00,00000000
1745,11663563250.00,10000002
1746,11663564850.00,00000000
1747,11663566350.00,10000003
1748,11663567950.00,00000000
1749,11663569450.00,10000004
1750,11663571050.00,00000000
1751,11663572550.00,10000005
1752,11663574150.00,00000000
1753,11663575650.00,10000006
1754,11663577250.00,00000000
1755,11663578750.00,10000007
1756,11663580350.00,00000000
1757,11663581850.00,10000000
1758,11663583450.00,00000000
1759,11663584850.00,10000001
1760,11663586450.00,00000000
1761,11663587950.00,10000002
1762,11663589550.00,00000000
1763,11663591050.00,10000003
1764,11663592650.00,00000000
1765,11663593850.00,10000004
1766,11663595250.00,00000000
1767,11663596750.00,10000005
1768,11663598350.00,00000000
1769,11663599650.00,10000006
1770,11663601250.00,00000000
1771,11663602750.00,10000007
1772,11663604350.00,00000000
1773,11663605700.00,10000000
1774,11663607250.00,00000000
1775,11663608750.00,10000001
1776,11663610350.00,00000000
1777,11663611800.00,10000002
1778,11663613400.00,00000000
1779,11663614900.00,10000003
1780,11663616500.00,00000000
1781,11663617700.00,10000004
1782,11663619300.00,00000000
1783,11663620800.00,10000005
1784,11663622400.00,00000000
1785,11663623900.00,10000006
1786,11663625500.00,00000000
1787,11663627000.00,10000007
1788,11663628600.00,00000000
1789,11663630100.00,10000000
1790,11663631700.00,00000000
1791,11663633200.00,10000001
1792,11663634750.00,00000000
1793,11663636250.00,10000002
1794,11663637850.00,00000000
1795,11663639350.00,10000003
1796,11663640650.00,00000000
1797,11663642150.00,10000004
1798,11663643750.00,00000000
1799,11663645250.00,10000005
1800,11663646600.00,00000000
1801,11663648100.00,10000006
1802,11663649700.00,00000000
1803,11663651100.00,10000007
1804,11663652400.00,00000000
1805,11663653900.00,10000000
1806,11663655500.00,00000000
1807,11663657000.00,10000001
1808,11663658450.00,00000000
1809,11663659950.00,10000002
1810,11663661300.00,00000000
1811,11663662800.00,10000003
1812,11663664350.00,00000000
1813,11663665850.00,10000004
1814,11663667450.00,00000000
1815,11663668950.00,10000005
1816,11663670500.00,00000000
1817,11663672000.00,10000006
1818,11663673500.00,00000000
1819,11663675000.00,10000007
1820,11663676600.00,00000000
1821,11663678100.00,10000000
1822,11663679700.00,00000000
1823,11663681200.00,10000001
1824,11663682800.00,00000000
1825,11663684200.00,10000002
1826,11663685800.00,00000000
1827,11663687300.00,10000003
1828,11663688900.00,00000000
1829,11663690400.00,10000004
1830,11663692000.00,00000000
1831,11663693500.00,10000005
1832,11663695100.00,00000000
1833,11663696600.00,10000006
1834,11663698200.00,00000000
1835,11663699700.00,10000007
1836,11663701300.00,00000000
1837,11663702800.00,10000000
1838,11663704400.00,00000000
1839,11663705900.00,10000001
1840,11663707350.00,00000000
1841,11663708850.00,10000002
1842,11663710450.00,00000000
1843,11663711950.00,10000003
1844,11663713550.00,00000000
1845,11663715050.00,10000004
1846,11663716650.00,00000000
1847,11663718100.00,10000005
1848,11663719700.00,00000000
1849,11663721200.00,10000006
1850,11663722550.00,00000000
1851,11663724050.00,10000007
1852,11663725650.00,00000000
1853,11663727150.00,10000000
1854,11663728650.00,00000000
1855,11663730150.00,10000001
1856,11663731750.00,00000000
1857,11663733250.00,10000002
1858,11663734600.00,00000000
1859,11663736100.00,10000003
1860,11663737700.00,00000000
1861,11663739200.00,10000004
1862,11663740550.00,00000000
1863,11663742050.00,10000005
1864,11663743650.00,00000000
1865,11663745150.00,10000006
1866,11663746600.00,00000000
1867,11663748100.00,10000007
1868,11663749700.00,00000000
1869,11663751150.00,10000000
1870,11663752700.00,00000000
1871,11663754200.00,10000001
1872,11663755800.00,00000000
1873,11663757300.00,10000002
1874,11663758600.00,00000000
1875,11663760100.00,10000003
1876,11663761550.00,00000000
1877,11663763050.00,10000004
1878,11663764500.00,00000000
1879,11663766000.00,10000005
1880,11663767600.00,00000000
1881,11663769100.00,10000006
1882,11663770600.00,00000000
1883,11663772100.00,10000007
1884,11663773600.00,00000000
1885,11663775100.00,10000000
1886,11663776650.00,00000000
1887,11663778150.00,10000001
1888,11663779750.00,00000000
1889,11663781250.00,10000002
1890,11663782800.00,00000000
1891,11663784000.00,10000003
1892,11663785600.00,00000000
1893,11663787100.00,10000004
1894,11663788650.00,00000000
1895,11663790150.00,10000005
1896,11663791750.00,00000000
1897,11663793250.00,10000006
1898,11663794850.00,00000000
1899,11663796350.00,10000007
1900,11663797950.00,00000000
1901,11663799450.00,10000000
1902,11663801050.00,00000000
1903,11663802550.00,10000001
1904,11663804150.00,00000000
1905,11663805650.00,10000002
1906,11663807200.00,00000000
1907,11663808700.00,10000003
1908,11663810300.00,00000000
1909,11663811500.00,10000004
1910,11663813100.00,00000000
1911,11663814600.00,10000005
1912,11663816200.00,00000000
1913,11663817400.00,10000006
1914,11663819000.00,00000000
1915,11663820500.00,10000007
1916,11663822100.00,00000000
1917,11663823600.00,10000000
1918,11663825200.00,00000000
1919,11663826700.00,10000001
1920,11663828300.00,00000000
1921,11663829800.00,10000002
1922,11663831400.00,00000000
1923,11663832900.00,10000003
1924,11663834500.00,00000000
1925,11663836000.00,10000004
1926,11663837600.00,00000000
1927,11663839100.00,10000005
1928,11663840600.00,00000000
1929,11663842100.00,10000006
1930,11663843700.00,00000000
1931,11663845200.00,10000007
1932,11663846800.00,00000000
1933,11663848300.00,10000000
1934,11663849900.00,00000000
1935,11663851300.00,10000001
1936,11663852900.00,00000000
1937,11663854400.00,10000002
1938,11663856000.00,00000000
1939,11663857500.00,10000003
1940,11663859100.00,00000000
1941,11663860600.00,10000004
1942,11663862200.00,00000000
1943,11663863650.00,10000005
1944,11663865250.00,00000000
1945,11663866750.00,10000006
1946,11663868350.00,00000000
1947,11663869850.00,10000007
1948,11663871450.00,00000000
1949,11663872950.00,10000000
1950,11663874550.00,00000000
1951,11663876050.00,10000001
1952,11663877650.00,00000000
1953,11663879150.00,10000002
1954,11663880750.00,00000000
1955,11663882250.00,10000003
1956,11663883850.00,00000000
1957,11663885350.00,10000004
1958,11663886950.00,00000000
1959,11663888150.00,10000005
1960,11663889750.00,00000000
1961,11663891250.00,10000006
1962,11663892850.00,00000000
1963,11663894200.00,10000007
1964,11663895700.00,00000000
1965,11663897200.00,10000000
1966,11663898800.00,00000000
1967,11663900200.00,10000001
1968,11663901800.00,00000000
1969,11663903300.00,10000002
1970,11663904900.00,00000000
1971,11663906300.00,10000003
1972,11663907900.00,00000000
1973,11663909400.00,10000004
1974,11663911000.00,00000000
1975,11663912450.00,10000005
1976,11663914050.00,00000000
1977,11663915550.00,10000006
1978,11663916950.00,00000000
1979,11663918350.00,10000007
1980,11663919950.00,00000000
1981,11663921450.00,10000000
1982,11663923050.00,00000000
1983,11663924550.00,10000001
1984,11663926150.00,00000000
1985,11663927650.00,10000002
1986,11663929150.00,00000000
1987,11663930650.00,10000003
1988,11663932250.00,00000000
1989,11663933750.00,10000004
1990,11663935300.00,00000000
1991,11663936800.00,10000005
1992,11663938400.00,00000000
1993,11663939850.00,10000006
1994,11663941250.00,00000000
1995,11663942750.00,10000007
1996,11663944350.00,00000000
1997,11663945850.00,10000000
1998,11663947200.00,00000000
1999,11663948700.00,10000001
2000,11663950300.00,00000000
2001,11663951700.00,10000002
2002,11663953100.00,00000000
2003,11663954600.00,10000003
2004,11663956200.00,00000000
2005,11663957700.00,10000004
2006,11663959200.00,00000000
2007,11663960700.00,10000005
2008,11663962150.00,00000000
2009,11663963650.00,10000006
2010,11663965200.00,00000000
2011,11663966700.00,10000007
2012,11663968300.00,00000000
2013,11663969800.00,10000000
2014,11663971400.00,00000000
2015,11663972900.00,10000001
2016,11663974500.00,00000000
2017,11663976000.00,10000002
2018,11663977600.00,00000000
2019,11663979100.00,10000003
2020,11663980700.00,00000000
2021,11663982200.00,10000004
2022,11663983800.00,00000000
2023,11663985200.00,10000005
2024,11663986800.00,00000000
2025,11663988300.00,10000006
2026,11663989900.00,00000000
2027,11663991400.00,10000007
2028,11663993000.00,00000000
2029,11663994500.00,10000000
2030,11663995950.00,00000000
2031,11663997450.00,10000001
2032,11663999050.00,00000000
2033,11664000550.00,10000002
2034,11664002150.00,00000000
2035,11664003650.00,10000003
2036,11664005250.00,00000000
2037,11664006750.00,10000004
2038,11664008250.00,00000000
2039,11664009750.00,10000005
2040,11664011350.00,00000000
2041,11664012850.00,10000006
2042,11664014450.00,00000000
2043,11664015950.00,10000007
2044,11664017550.00,00000000
2045,11664019050.00,10000000
2046,11664020650.00,00000000
2047,11664022150.00,10000001
2048,11664023750.00,00000000
2049,11664025250.00,10000002
2050,11664026850.00,00000000
2051,11664028350.00,10000003
2052,11664029850.00,00000000
2053,11664031350.00,10000004
2054,11664032950.00,00000000
2055,11664034450.00,10000005
2056,11664035850.00,00000000
2057,11664037350.00,10000006
2058,11664038950.00,00000000
2059,11664040200.00,10000007
2060,11664041500.00,00000000
2061,11664043000.00,10000000
2062,11664044600.00,00000000
2063,11664046100.00,10000001
2064,11664047500.00,00000000
2065,11664049000.00,10000002
2066,11664050500.00,00000000
2067,11664052000.00,10000003
2068,11664053300.00,00000000
2069,11664054800.00,10000004
2070,11664056400.00,00000000
2071,11664057900.00,10000005
2072,11664059300.00,00000000
2073,11664060800.00,10000006
2074,11664062300.00,00000000
2075,11664063800.00,10000007
2076,11664065250.00,00000000
2077,11664069200.00,40000000
2078,11710738150.00,90000000
2079,11710738450.00,90000000
2080,11785594900.00,90000000
2081,11785595150.00,90000000
2082,11827227350.00,90000000
2083,11827227600.00,90000000
2084,11869094700.00,90000000
2085,11869094950.00,90000000
2086,11916128450.00,90000000
2087,11916128700.00,90000000
2088,11956949850.00,90000000
2089,11956950150.00,90000000
2090,11997841700.00,90000000
2091,11997842000.00,90000000
2092,12039146300.00,90000000
2093,12039146600.00,90000000
2094,12079939650.00,90000000
2095,12079939900.00,90000000
2096,12120856600.00,90000000
2097,12120856850.00,90000000
2098,12161928200.00,90000000
2099,12161928450.00,90000000
2100,12203026250.00,90000000
2101,12203026500.00,90000000
2102,12243896150.00,90000000
2103,12243896400.00,90000000
2104,12284980100.00,90000000
2105,12284980400.00,90000000
2106,12325881950.00,90000000
2107,12325882250.00,90000000
2108,12367007400.00,90000000
2109,12367007650.00,90000000
2110,12408081150.00,90000000
2111,12408081400.00,90000000
2112,12448966850.00,90000000
2113,12448967100.00,90000000
2114,12489962800.00,90000000
2115,12489963050.00,90000000
2116,12531166200.00,90000000
2117,12531166450.00,90000000
2118,12572005250.00,90000000
2119,12572005500.00,90000000
2120,12612977250.00,90000000
2121,12612977550.00,90000000
2122,12654056650.00,90000000
2123,12654056900.00,90000000
2124,12695063600.00,90000000
2125,12695063850.00,90000000
2126,12736023300.00,90000000
2127,12736023600.00,90000000
2128,12777093700.00,90000000
2129,12777093950.00,90000000
2130,12817960500.00,90000000
2131,12817960750.00,90000000
2132,12859067550.00,90000000
2133,12859067800.00,90000000
2134,12900145600.00,90000000
2135,12900145850.00,90000000
2136,12941069200.00,90000000
2137,12941069450.00,90000000
2138,12982296450.00,90000000
2139,12982296700.00,90000000
2140,13023286300.00,90000000
2141,13023286550.00,90000000
2142,13064201750.00,90000000
2143,13064202050.00,90000000
2144,13105141000.00,90000000
2145,13105141250.00,90000000
2146,13146387250.00,90000000
2147,13146387500.00,90000000
2148,13187292050.00,90000000
2149,13187292300.00,90000000
2150,13228241650.00,90000000
2151,13228241900.00,90000000
2152,13269306900.00,90000000
2153,13269307150.00,90000000
2154,13310449300.00,90000000
2155,13310449550.00,90000000
2156,13351360550.00,90000000
2157,13351360800.00,90000000
2158,13392441650.00,90000000
2159,13392441900.00,90000000
2160,13433475300.00,90000000
2161,13433475550.00,90000000
2162,13474609600.00,90000000
2163,13474609900.00,90000000
2164,13515710050.00,90000000
2165,13515710300.00,90000000
2166,13556756750.00,90000000
2167,13556757000.00,90000000
2168,13597962150.00,90000000
2169,13597962400.00,90000000
2170,13638943400.00,90000000
2171,13638943650.00,90000000
2172,13679907350.00,90000000
2173,13679907600.00,90000000
2174,13720817350.00,90000000
2175,13720817600.00,90000000
2176,13762059850.00,90000000
2177,13762060100.00,90000000
2178,13803088400.00,90000000
2179,13803088700.00,90000000
2180,13843924550.00,90000000
2181,13843924800.00,90000000
2182,13884969200.00,90000000
2183,13884969450.00,90000000
2184,13926141050.00,90000000
2185,13926141300.00,90000000
2186,13967042750.00,90000000
2187,13967043000.00,90000000
2188,14008120300.00,90000000
2189,14008120550.00,90000000
2190,14049463800.00,90000000
2191,14049464050.00,90000000
2192,14090195450.00,90000000
2193,14090195700.00,90000000
2194,14131254900.00,90000000
2195,14131255150.00,90000000
2196,14172246500.00,90000000
2197,14172246750.00,90000000
2198,14213305500.00,90000000
2199,14213305750.00,90000000
2200,14254358250.00,90000000
2201,14254358550.00,90000000
2202,14295357350.00,90000000
2203,14295357650.00,90000000
2204,14336102150.00,90000000
2205,14336102400.00,90000000
2206,14377188900.00,90000000
2207,14377189150.00,90000000
2208,14418184950.00,90000000
2209,14418185200.00,90000000
2210,14458877700.00,90000000
2211,14458878000.00,90000000
2212,14499587200.00,90000000
2213,14499587500.00,90000000
2214,14540416750.00,90000000
2215,14540417000.00,90000000
2216,14581340250.00,90000000
2217,14581340500.00,90000000
2218,14622307150.00,90000000
2219,14622307400.00,90000000
2220,14663418650.00,90000000
2221,14663418950.00,90000000
2222,14704337800.00,90000000
2223,14704338050.00,90000000
2224,14745500700.00,90000000
