Id,Time[ns],Parallel: Items
1,399760.00,03
2,400320.00,03
3,400640.00,03
4,402280.00,03
5,402480.00,03
6,403120.00,03
7,403320.00,03
8,403960.00,03
9,404160.00,03
10,404800.00,03
11,405000.00,03
12,405620.00,03
13,405820.00,03
14,406460.00,03
15,406660.00,03
16,407300.00,03
17,407500.00,03
18,408140.00,03
19,408340.00,03
20,408980.00,03
21,409180.00,03
22,409820.00,03
23,410020.00,03
24,410660.00,03
25,410860.00,03
26,411500.00,03
27,411700.00,03
28,412340.00,03
29,412540.00,03
30,413180.00,03
31,413380.00,03
32,414020.00,03
33,414220.00,03
34,414860.00,03
35,415060.00,03
36,415700.00,03
37,415900.00,03
38,416540.00,03
39,416740.00,03
40,417380.00,03
41,417580.00,03
42,418200.00,03
43,418400.00,03
44,419040.00,03
45,419240.00,03
46,419880.00,03
47,420080.00,03
48,420720.00,03
49,420920.00,03
50,421560.00,03
51,421760.00,03
52,422400.00,03
53,422600.00,03
54,423240.00,03
55,423440.00,03
56,424080.00,03
57,424280.00,03
58,424920.00,03
59,425120.00,03
60,425760.00,03
61,425960.00,03
62,426600.00,03
63,426800.00,03
64,427440.00,03
65,427640.00,03
66,428280.00,03
67,428480.00,03
68,429120.00,03
69,429320.00,03
70,429960.00,03
71,430160.00,03
72,430780.00,03
73,430980.00,03
74,431620.00,03
75,431820.00,03
76,432460.00,03
77,432660.00,03
78,433300.00,03
79,433500.00,03
80,434140.00,03
81,434340.00,03
82,434980.00,03
83,435180.00,03
84,435820.00,03
85,436020.00,03
86,436660.00,03
87,436860.00,03
88,437500.00,03
89,437700.00,03
90,438340.00,03
91,438540.00,03
92,439180.00,03
93,439380.00,03
94,440020.00,03
95,440220.00,03
96,440860.00,03
97,441060.00,03
98,441700.00,03
99,441900.00,03
100,442540.00,03
101,442740.00,03
102,443360.00,03
103,443560.00,03
104,444200.00,03
105,444400.00,03
106,445040.00,03
107,445240.00,03
108,445880.00,03
109,446080.00,03
110,446720.00,03
111,446920.00,03
112,447560.00,03
113,447760.00,03
114,448400.00,03
115,448600.00,03
116,449240.00,03
117,449440.00,03
118,450080.00,03
119,450280.00,03
120,450920.00,03
121,451120.00,03
122,451760.00,03
123,451960.00,03
124,452600.00,03
125,452800.00,03
126,453440.00,03
127,453640.00,03
128,454280.00,03
129,454480.00,03
130,455120.00,03
131,455320.00,03
132,455940.00,03
133,456140.00,03
134,456780.00,03
135,456980.00,03
136,457620.00,03
137,457820.00,03
138,458460.00,03
139,458660.00,03
140,459300.00,03
141,459500.00,03
142,460140.00,03
143,460340.00,03
144,460980.00,03
145,461180.00,03
146,461820.00,03
147,462020.00,03
148,462660.00,03
149,462860.00,03
150,463500.00,03
151,463700.00,03
152,464340.00,03
153,464540.00,03
154,465180.00,03
155,465380.00,03
156,466020.00,03
157,466220.00,03
158,466860.00,03
159,467060.00,03
160,467700.00,03
161,467900.00,03
162,468520.00,03
163,468720.00,03
164,469360.00,03
165,469560.00,03
166,470200.00,03
167,470400.00,03
168,471040.00,03
169,471240.00,03
170,471880.00,03
171,472080.00,03
172,472720.00,03
173,472920.00,03
174,473560.00,03
175,473760.00,03
176,474400.00,03
177,474600.00,03
178,475240.00,03
179,475440.00,03
180,476080.00,03
181,476280.00,03
182,476920.00,03
183,477120.00,03
184,477760.00,03
185,477960.00,03
186,478600.00,03
187,478800.00,03
188,479440.00,03
189,479640.00,03
190,480280.00,03
191,480480.00,03
192,481100.00,03
193,481300.00,03
194,481940.00,03
195,482140.00,03
196,482780.00,03
197,482980.00,03
198,483620.00,03
199,483820.00,03
200,484460.00,03
201,484660.00,03
202,485300.00,03
203,485500.00,03
204,486140.00,03
205,486340.00,03
206,486980.00,03
207,487180.00,03
208,487820.00,03
209,488020.00,03
210,488660.00,03
211,488860.00,03
212,489500.00,03
213,489700.00,03
214,490340.00,03
215,490540.00,03
216,491180.00,03
217,491380.00,03
218,492020.00,03
219,492220.00,03
220,492860.00,03
221,493060.00,03
222,493680.00,03
223,493880.00,03
224,494520.00,03
225,494720.00,03
226,495360.00,03
227,495560.00,03
228,496200.00,03
229,496400.00,03
230,497040.00,03
231,497240.00,03
232,497880.00,03
233,498080.00,03
234,498720.00,03
235,498920.00,03
236,499560.00,03
237,499760.00,03
238,500400.00,03
239,500600.00,03
240,501240.00,03
241,501440.00,03
242,502080.00,03
243,502280.00,03
244,502920.00,03
245,503120.00,03
246,503760.00,03
247,503960.00,03
248,504600.00,03
249,504800.00,03
250,505440.00,03
251,505640.00,03
252,506260.00,03
253,506460.00,03
254,507100.00,03
255,507300.00,03
256,507940.00,03
257,508140.00,03
258,508780.00,03
259,508980.00,03
260,509620.00,03
261,509820.00,03
262,510460.00,03
263,510660.00,03
264,511300.00,03
265,511500.00,03
266,512140.00,03
267,512340.00,03
268,512980.00,03
269,513180.00,03
270,513820.00,03
271,514020.00,03
272,514660.00,03
273,514860.00,03
274,515500.00,03
275,515700.00,03
276,516360.00,03
277,516560.00,03
278,517220.00,03
279,517420.00,03
280,518080.00,03
281,518280.00,03
282,518900.00,03
283,519100.00,03
284,519740.00,03
285,519940.00,03
286,520580.00,03
287,520780.00,03
288,521420.00,03
289,521640.00,03
290,522300.00,03
291,522500.00,03
292,523180.00,03
293,523380.00,03
294,524060.00,03
295,524260.00,03
296,524940.00,03
297,525140.00,03
298,525780.00,03
299,526000.00,03
300,526640.00,03
301,526860.00,03
302,527500.00,03
303,527720.00,03
304,528340.00,03
305,528540.00,03
306,529220.00,03
307,529420.00,03
308,530100.00,03
309,530300.00,03
310,530980.00,03
311,531180.00,03
312,531820.00,03
313,532040.00,03
314,532680.00,03
315,532900.00,03
316,533540.00,03
317,533760.00,03
318,534400.00,03
319,534600.00,03
320,535280.00,03
321,535480.00,03
322,536160.00,03
323,536360.00,03
324,537040.00,03
325,537240.00,03
326,537900.00,03
327,538100.00,03
328,538740.00,03
329,538960.00,03
330,539600.00,03
331,539820.00,03
332,540460.00,03
333,540680.00,03
334,541360.00,03
335,541560.00,03
336,542240.00,03
337,542440.00,03
338,543120.00,03
339,543320.00,03
340,543960.00,03
341,544160.00,03
342,544800.00,03
343,545000.00,03
344,545640.00,03
345,545840.00,03
346,546480.00,03
347,546680.00,03
348,547320.00,03
349,547520.00,03
350,548180.00,03
351,548380.00,03
352,549040.00,03
353,549240.00,03
354,549900.00,03
355,550100.00,03
356,550740.00,03
357,550940.00,03
358,551580.00,03
359,551780.00,03
360,552420.00,03
361,552620.00,03
362,553260.00,03
363,553460.00,03
364,554120.00,03
365,554320.00,03
366,554980.00,03
367,555180.00,03
368,555840.00,03
369,556040.00,03
370,556660.00,03
371,556860.00,03
372,557500.00,03
373,557700.00,03
374,558340.00,03
375,558540.00,03
376,559180.00,03
377,559380.00,03
378,560040.00,03
379,560240.00,03
380,560900.00,03
381,561100.00,03
382,561760.00,03
383,561960.00,03
384,562620.00,03
385,562820.00,03
386,563460.00,03
387,563660.00,03
388,564300.00,03
389,564500.00,03
390,565140.00,03
391,565340.00,03
392,565980.00,03
393,566180.00,03
394,566840.00,03
395,567040.00,03
396,567700.00,03
397,567900.00,03
398,568560.00,03
399,568760.00,03
400,569380.00,03
401,569580.00,03
402,570220.00,03
403,570420.00,03
404,571060.00,03
405,571260.00,03
406,571900.00,03
407,572100.00,03
408,572760.00,03
409,572960.00,03
410,573620.00,03
411,573820.00,03
412,574480.00,03
413,574680.00,03
414,575340.00,03
415,575540.00,03
416,576180.00,03
417,576380.00,03
418,577020.00,03
419,577220.00,03
420,577860.00,03
421,578060.00,03
422,578700.00,03
423,578900.00,03
424,579560.00,03
425,579760.00,03
426,580420.00,03
427,580620.00,03
428,581280.00,03
429,581480.00,03
430,582100.00,03
431,582300.00,03
432,582940.00,03
433,583140.00,03
434,583780.00,03
435,583980.00,03
436,584620.00,03
437,584820.00,03
438,585480.00,03
439,585680.00,03
440,586340.00,03
441,586540.00,03
442,587200.00,03
443,587400.00,03
444,588060.00,03
445,588260.00,03
446,588900.00,03
447,589100.00,03
448,589740.00,03
449,589940.00,03
450,590580.00,03
451,590780.00,03
452,591420.00,03
453,591620.00,03
454,592280.00,03
455,592480.00,03
456,593140.00,03
457,593340.00,03
458,594000.00,03
459,594200.00,03
460,594820.00,03
461,595020.00,03
462,595660.00,03
463,595860.00,03
464,596500.00,03
465,596700.00,03
466,597340.00,03
467,597540.00,03
468,598200.00,03
469,598400.00,03
470,599060.00,03
471,599260.00,03
472,599920.00,03
473,600120.00,03
474,600780.00,03
475,600980.00,03
476,601620.00,03
477,601820.00,03
478,602460.00,03
479,602660.00,03
480,603300.00,03
481,603500.00,03
482,604140.00,03
483,604340.00,03
484,605000.00,03
485,605200.00,03
486,605860.00,03
487,606060.00,03
488,606720.00,03
489,606920.00,03
490,607540.00,03
491,607740.00,03
492,608380.00,03
493,608580.00,03
494,609220.00,03
495,609420.00,03
496,610060.00,03
497,610260.00,03
498,610920.00,03
499,611120.00,03
500,611780.00,03
501,611980.00,03
502,612640.00,03
503,612840.00,03
504,613500.00,03
505,613700.00,03
506,614340.00,03
507,614540.00,03
508,615180.00,03
509,615380.00,03
510,616020.00,03
511,616220.00,03
512,616860.00,03
513,617060.00,03
514,617860.00,03
