Id,Time[ns],Parallel: Items
1,614401250.00,E0000002
2,614402250.00,E0000002
3,614403250.00,B0000001
4,614404250.00,10000000
5,614405250.00,00000000
6,614406250.00,00000000
7,614407250.00,4000003F
8,614408250.00,50000000
9,614409250.00,60000000
10,614410250.00,70000000
11,614411250.00,80000010
12,614412250.00,80000014
13,614413250.00,80000000
14,614414250.00,80000000
15,614415250.00,80000000
16,614416250.00,80000000
17,614417250.00,80000000
18,614418250.00,9000000B
19,614419250.00,90000001
20,614420250.00,90000021
21,614421250.00,90000021
22,614422250.00,90000020
23,614423250.00,90000001
24,614424250.00,90000021
25,614425250.00,90000021
26,614426250.00,C0000003
27,614427250.00,D0000005
28,614428250.00,F0000000
29,614429700.00,40000000
30,872336500.00,40000000
31,1403358000.00,E0000002
32,1403359000.00,E0000002
33,1403360000.00,B0000001
34,1403361000.00,10000000
35,1403362000.00,00000000
36,1403363000.00,00000000
37,1403364000.00,4000003F
38,1403365000.00,50000000
39,1403366000.00,60000000
40,1403367000.00,70000000
41,1403368000.00,80000038
42,1403369000.00,8000002A
43,1403370000.00,8000002A
44,1403371000.00,80000034
45,1403372000.00,80000034
46,1403373000.00,8000000A
47,1403374000.00,80000033
48,1403375000.00,90000037
49,1403376000.00,90000002
50,1403377000.00,90000015
51,1403378000.00,90000025
52,1403379000.00,90000024
53,1403380000.00,90000035
54,1403381000.00,90000025
55,1403382000.00,90000025
56,1403383000.00,C0000003
57,1403384000.00,D0000005
58,1403385000.00,F0000000
59,1403386500.00,90000025
60,1417475000.00,E0000000
61,1499313050.00,B0000005
62,1499313750.00,90000024
63,1499314550.00,A0000001
64,1499315250.00,A0000002
65,1499315950.00,A0000003
66,1499316650.00,A0000004
67,1499317350.00,A0000005
68,1499318050.00,A0000006
69,1499318750.00,A0000007
70,1499319300.00,A0000004
71,1499319700.00,B0000008
72,1502963900.00,E0000002
73,1502965000.00,E0000002
74,1502966100.00,B0000001
75,1502967200.00,10000000
76,1502968300.00,00000000
77,1502969400.00,00000000
78,1502970500.00,4000003F
79,1502971600.00,50000000
80,1502972700.00,60000000
81,1502973800.00,70000000
82,1502974900.00,80000010
83,1502976000.00,80000014
84,1502977100.00,80000000
85,1502978200.00,80000000
86,1502979300.00,80000000
87,1502980400.00,80000000
88,1502981500.00,80000000
89,1502982600.00,9000000B
90,1502983700.00,90000001
91,1502984800.00,90000021
92,1502985900.00,90000021
93,1502987000.00,90000020
94,1502988100.00,90000001
95,1502989200.00,90000021
96,1502990300.00,90000021
97,1502991400.00,C0000003
98,1502992500.00,D0000005
99,1502993600.00,F0000000
100,1502995150.00,40000000
101,1503026200.00,40000000
102,1503054400.00,E0000000
103,1503055400.00,10000000
104,1503056400.00,00000000
105,1503057400.00,00000000
106,1503058400.00,40000000
107,1503059400.00,50000000
108,1503060400.00,60000000
109,1503061400.00,70000000
110,1503062400.00,80000038
111,1503063400.00,80000004
112,1503064400.00,80000018
113,1503065400.00,80000032
114,1503066400.00,80000032
115,1503067400.00,80000018
116,1503068400.00,80000033
117,1503069400.00,90000037
118,1503070400.00,90000002
119,1503071400.00,90000015
120,1503072400.00,90000025
121,1503073400.00,90000025
122,1503074400.00,90000035
123,1503075400.00,90000025
124,1503076400.00,90000025
125,1503077400.00,B0000001
126,1503078400.00,C0000003
127,1503079400.00,D0000005
128,1503080400.00,F0000000
129,2118423100.00,C0000003
130,2118424500.00,C0000003
131,2118425300.00,C0000003
132,2118429400.00,C0000003
133,2118429900.00,C0000003
134,2118431500.00,C0000003
135,2118432000.00,C0000003
136,2118433600.00,C0000003
137,2118434100.00,C0000003
138,2118435700.00,C0000003
139,2118436200.00,C0000003
140,2118437800.00,C0000003
141,2118438300.00,C0000003
142,2118439950.00,C0000003
143,2118440450.00,C0000003
144,2118442100.00,C0000003
145,2118442600.00,C0000003
146,2118444250.00,C0000003
147,2118444750.00,C0000003
148,2118446300.00,C0000003
149,2118446800.00,C0000003
150,2118448400.00,C0000003
151,2118448900.00,C0000003
152,2118450500.00,C0000003
153,2118451000.00,C0000003
154,2118452600.00,C0000003
155,2118453100.00,C0000003
156,2118454700.00,C0000003
157,2118455200.00,C0000003
158,2118456850.00,C0000003
159,2118457350.00,C0000003
160,2118459000.00,C0000003
161,2118459500.00,C0000003
162,2118461150.00,C0000003
163,2118461650.00,C0000003
164,2118463250.00,C0000003
165,2118463750.00,C0000003
166,2118465350.00,C0000003
167,2118465850.00,C0000003
168,2118467450.00,C0000003
169,2118467950.00,C0000003
170,2118469550.00,C0000003
171,2118470050.00,C0000003
172,2118471700.00,C0000003
173,2118472200.00,C0000003
174,2118473850.00,C0000003
175,2118474350.00,C0000003
176,2118476000.00,C0000003
177,2118476500.00,C0000003
178,2118478100.00,C0000003
179,2118478600.00,C0000003
180,2118480200.00,C0000003
181,2118480700.00,C0000003
182,2118482300.00,C0000003
183,2118482800.00,C0000003
184,2118484400.00,C0000003
185,2118484900.00,C0000003
186,2118486550.00,C0000003
187,2118487050.00,C0000003
188,2118488700.00,C0000003
189,2118489200.00,C0000003
190,2118490850.00,C0000003
191,2118491350.00,C0000003
192,2118493000.00,C0000003
193,2118493500.00,C0000003
194,2118495100.00,C0000003
195,2118495600.00,C0000003
196,2118497200.00,C0000003
197,2118497700.00,C0000003
198,2118499300.00,C0000003
199,2118499800.00,C0000003
200,2118501350.00,C0000003
201,2118501850.00,C0000003
202,2118503500.00,C0000003
203,2118504000.00,C0000003
204,2118505650.00,C0000003
205,2118506150.00,C0000003
206,2118507800.00,C0000003
207,2118508300.00,C0000003
208,2118509900.00,C0000003
209,2118510400.00,C0000003
210,2118512000.00,C0000003
211,2118512500.00,C0000003
212,2118514100.00,C0000003
213,2118514600.00,C0000003
214,2118516200.00,C0000003
215,2118516700.00,C0000003
216,2118518350.00,C0000003
217,2118518850.00,C0000003
218,2118520500.00,C0000003
219,2118521000.00,C0000003
220,2118522650.00,C0000003
221,2118523150.00,C0000003
222,2118524700.00,C0000003
223,2118525200.00,C0000003
224,2118526800.00,C0000003
225,2118527300.00,C0000003
226,2118528900.00,C0000003
227,2118529400.00,C0000003
228,2118531000.00,C0000003
229,2118531500.00,C0000003
230,2118533150.00,C0000003
231,2118533650.00,C0000003
232,2118535300.00,C0000003
233,2118535800.00,C0000003
234,2118537450.00,C0000003
235,2118537950.00,C0000003
236,2118539600.00,C0000003
237,2118540100.00,C0000003
238,2118541700.00,C0000003
239,2118542200.00,C0000003
240,2118543800.00,C0000003
241,2118544300.00,C0000003
242,2118545900.00,C0000003
243,2118546400.00,C0000003
244,2118547950.00,C0000003
245,2118548450.00,C0000003
246,2118550100.00,C0000003
247,2118550600.00,C0000003
248,2118552250.00,C0000003
249,2118552750.00,C0000003
250,2118554400.00,C0000003
251,2118554900.00,C0000003
252,2118556500.00,C0000003
253,2118557000.00,C0000003
254,2118558600.00,C0000003
255,2118559100.00,C0000003
256,2118560700.00,C0000003
257,2118561200.00,C0000003
258,2118562800.00,C0000003
259,2118563300.00,C0000003
260,2118564950.00,C0000003
261,2118565450.00,C0000003
262,2118567100.00,C0000003
263,2118567600.00,C0000003
264,2118569250.00,C0000003
265,2118569750.00,C0000003
266,2118571350.00,C0000003
267,2118571850.00,C0000003
268,2118573450.00,C0000003
269,2118573950.00,C0000003
270,2118575550.00,C0000003
271,2118576050.00,C0000003
272,2118577650.00,C0000003
273,2118578150.00,C0000003
274,2118579700.00,C0000003
275,2118580200.00,C0000003
276,2118581800.00,C0000003
277,2118582300.00,C0000003
278,2118583900.00,C0000003
279,2118584400.00,C0000003
280,2118586000.00,C0000003
281,2118586500.00,C0000003
282,2118588100.00,C0000003
283,2118588600.00,C0000003
284,2118590200.00,C0000003
285,2118590700.00,C0000003
286,2118592300.00,C0000003
287,2118592800.00,C0000003
288,2118594400.00,C0000003
289,2118594900.00,C0000003
290,2118596500.00,C0000003
291,2118597000.00,C0000003
292,2118598600.00,C0000003
293,2118599100.00,C0000003
294,2118600700.00,C0000003
295,2118601200.00,C0000003
296,2118602800.00,C0000003
297,2118603300.00,C0000003
298,2118604900.00,C0000003
299,2118605400.00,C0000003
300,2118607000.00,C0000003
301,2118607500.00,C0000003
302,2118609100.00,C0000003
303,2118609600.00,C0000003
304,2118611150.00,C0000003
305,2118611650.00,C0000003
306,2118613250.00,C0000003
307,2118613750.00,C0000003
308,2118615350.00,C0000003
309,2118615850.00,C0000003
310,2118617450.00,C0000003
311,2118617950.00,C0000003
312,2118619550.00,C0000003
313,2118620050.00,C0000003
314,2118621650.00,C0000003
315,2118622150.00,C0000003
316,2118623750.00,C0000003
317,2118624250.00,C0000003
318,2118625850.00,C0000003
319,2118626350.00,C0000003
320,2118627950.00,C0000003
321,2118628450.00,C0000003
322,2118630050.00,C0000003
323,2118630550.00,C0000003
324,2118632150.00,C0000003
325,2118632650.00,C0000003
326,2118634250.00,C0000003
327,2118634750.00,C0000003
328,2118636350.00,C0000003
329,2118636850.00,C0000003
330,2118638450.00,C0000003
331,2118638950.00,C0000003
332,2118640550.00,C0000003
333,2118641050.00,C0000003
334,2118642600.00,C0000003
335,2118643100.00,C0000003
336,2118644700.00,C0000003
337,2118645200.00,C0000003
338,2118646800.00,C0000003
339,2118647300.00,C0000003
340,2118648900.00,C0000003
341,2118649400.00,C0000003
342,2118651000.00,C0000003
343,2118651500.00,C0000003
344,2118653100.00,C0000003
345,2118653600.00,C0000003
346,2118655200.00,C0000003
347,2118655700.00,C0000003
348,2118657300.00,C0000003
349,2118657800.00,C0000003
350,2118659400.00,C0000003
351,2118659900.00,C0000003
352,2118661500.00,C0000003
353,2118662000.00,C0000003
354,2118663600.00,C0000003
355,2118664100.00,C0000003
356,2118665700.00,C0000003
357,2118666200.00,C0000003
358,2118667800.00,C0000003
359,2118668300.00,C0000003
360,2118669900.00,C0000003
361,2118670400.00,C0000003
362,2118672000.00,C0000003
363,2118672500.00,C0000003
364,2118674050.00,C0000003
365,2118674550.00,C0000003
366,2118676150.00,C0000003
367,2118676650.00,C0000003
368,2118678250.00,C0000003
369,2118678750.00,C0000003
370,2118680350.00,C0000003
371,2118680850.00,C0000003
372,2118682450.00,C0000003
373,2118682950.00,C0000003
374,2118684550.00,C0000003
375,2118685050.00,C0000003
376,2118686650.00,C0000003
377,2118687150.00,C0000003
378,2118688750.00,C0000003
379,2118689250.00,C0000003
380,2118690850.00,C0000003
381,2118691350.00,C0000003
382,2118692950.00,C0000003
383,2118693450.00,C0000003
384,2118695050.00,C0000003
385,2118695550.00,C0000003
386,2118697150.00,C0000003
387,2118697650.00,C0000003
388,2118699250.00,C0000003
389,2118699750.00,C0000003
390,2118701350.00,C0000003
391,2118701850.00,C0000003
392,2118703450.00,C0000003
393,2118703950.00,C0000003
394,2118705500.00,C0000003
395,2118706000.00,C0000003
396,2118707600.00,C0000003
397,2118708100.00,C0000003
398,2118709700.00,C0000003
399,2118710200.00,C0000003
400,2118711800.00,C0000003
401,2118712300.00,C0000003
402,2118713900.00,C0000003
403,2118714400.00,C0000003
404,2118716000.00,C0000003
405,2118716500.00,C0000003
406,2118718100.00,C0000003
407,2118718600.00,C0000003
408,2118720200.00,C0000003
409,2118720700.00,C0000003
410,2118722300.00,C0000003
411,2118722800.00,C0000003
412,2118724400.00,C0000003
413,2118724900.00,C0000003
414,2118726500.00,C0000003
415,2118727000.00,C0000003
416,2118728600.00,C0000003
417,2118729100.00,C0000003
418,2118730700.00,C0000003
419,2118731200.00,C0000003
420,2118732800.00,C0000003
421,2118733300.00,C0000003
422,2118734900.00,C0000003
423,2118735400.00,C0000003
424,2118736950.00,C0000003
425,2118737450.00,C0000003
426,2118739050.00,C0000003
427,2118739550.00,C0000003
428,2118741150.00,C0000003
429,2118741650.00,C0000003
430,2118743250.00,C0000003
431,2118743750.00,C0000003
432,2118745350.00,C0000003
433,2118745850.00,C0000003
434,2118747450.00,C0000003
435,2118747950.00,C0000003
436,2118749550.00,C0000003
437,2118750050.00,C0000003
438,2118751650.00,C0000003
439,2118752150.00,C0000003
440,2118753750.00,C0000003
441,2118754250.00,C0000003
442,2118755850.00,C0000003
443,2118756350.00,C0000003
444,2118757950.00,C0000003
445,2118758450.00,C0000003
446,2118760050.00,C0000003
447,2118760550.00,C0000003
448,2118762150.00,C0000003
449,2118762650.00,C0000003
450,2118764250.00,C0000003
451,2118764750.00,C0000003
452,2118766350.00,C0000003
453,2118766850.00,C0000003
454,2118768400.00,C0000003
455,2118768900.00,C0000003
456,2118770500.00,C0000003
457,2118771000.00,C0000003
458,2118772600.00,C0000003
459,2118773100.00,C0000003
460,2118774700.00,C0000003
461,2118775200.00,C0000003
462,2118776800.00,C0000003
463,2118777300.00,C0000003
464,2118778900.00,C0000003
465,2118779400.00,C0000003
466,2118781000.00,C0000003
467,2118781500.00,C0000003
468,2118783100.00,C0000003
469,2118783600.00,C0000003
470,2118785200.00,C0000003
471,2118785700.00,C0000003
472,2118787300.00,C0000003
473,2118787800.00,C0000003
474,2118789400.00,C0000003
475,2118789900.00,C0000003
476,2118791500.00,C0000003
477,2118792000.00,C0000003
478,2118793600.00,C0000003
479,2118794100.00,C0000003
480,2118795700.00,C0000003
481,2118796200.00,C0000003
482,2118797800.00,C0000003
483,2118798300.00,C0000003
484,2118799850.00,C0000003
485,2118800400.00,C0000003
486,2118802000.00,C0000003
487,2118802500.00,C0000003
488,2118804100.00,C0000003
489,2118804600.00,C0000003
490,2118806200.00,C0000003
491,2118806700.00,C0000003
492,2118808300.00,C0000003
493,2118808800.00,C0000003
494,2118810400.00,C0000003
495,2118810900.00,C0000003
496,2118812500.00,C0000003
497,2118813000.00,C0000003
498,2118814600.00,C0000003
499,2118815100.00,C0000003
500,2118816700.00,C0000003
501,2118817200.00,C0000003
502,2118818800.00,C0000003
503,2118819300.00,C0000003
504,2118820900.00,C0000003
505,2118821400.00,C0000003
506,2118823000.00,C0000003
507,2118823500.00,C0000003
508,2118825100.00,C0000003
509,2118825600.00,C0000003
510,2118827200.00,C0000003
511,2118827700.00,C0000003
512,2118829300.00,C0000003
513,2118829800.00,C0000003
514,2118831350.00,C0000003
515,2118831900.00,C0000003
516,2118833500.00,C0000003
517,2118834000.00,C0000003
518,2118835600.00,C0000003
519,2118836100.00,C0000003
520,2118837700.00,C0000003
521,2118838200.00,C0000003
522,2118839800.00,C0000003
523,2118840300.00,C0000003
524,2118841900.00,C0000003
525,2118842400.00,C0000003
526,2118844000.00,C0000003
527,2118844500.00,C0000003
528,2118846100.00,C0000003
529,2118846600.00,C0000003
530,2118848200.00,C0000003
531,2118848700.00,C0000003
532,2118850300.00,C0000003
533,2118850800.00,C0000003
534,2118852400.00,C0000003
535,2118852900.00,C0000003
536,2118854500.00,C0000003
537,2118855000.00,C0000003
538,2118856600.00,C0000003
539,2118857100.00,C0000003
540,2118858700.00,C0000003
541,2118859200.00,C0000003
542,2118860800.00,C0000003
543,2118861300.00,C0000003
544,2118862850.00,C0000003
545,2118863400.00,C0000003
546,2118865000.00,C0000003
547,2118865500.00,C0000003
548,2118867100.00,C0000003
549,2118867600.00,C0000003
550,2118869200.00,C0000003
551,2118869700.00,C0000003
552,2118871300.00,C0000003
553,2118871800.00,C0000003
554,2118873400.00,C0000003
555,2118873900.00,C0000003
556,2118875500.00,C0000003
557,2118876000.00,C0000003
558,2118877600.00,C0000003
559,2118878100.00,C0000003
560,2118879700.00,C0000003
561,2118880200.00,C0000003
562,2118881800.00,C0000003
563,2118882300.00,C0000003
564,2118883900.00,C0000003
565,2118884400.00,C0000003
566,2118886000.00,C0000003
567,2118886500.00,C0000003
568,2118888100.00,C0000003
569,2118888600.00,C0000003
570,2118890200.00,C0000003
571,2118890700.00,C0000003
572,2118892300.00,C0000003
573,2118892800.00,C0000003
574,2118894350.00,C0000003
575,2118894900.00,C0000003
576,2118896500.00,C0000003
577,2118897000.00,C0000003
578,2118898600.00,C0000003
579,2118899100.00,C0000003
580,2118900700.00,C0000003
581,2118901200.00,C0000003
582,2118902800.00,C0000003
583,2118903300.00,C0000003
584,2118904900.00,C0000003
585,2118905400.00,C0000003
586,2118907000.00,C0000003
587,2118907500.00,C0000003
588,2118909100.00,C0000003
589,2118909600.00,C0000003
590,2118911200.00,C0000003
591,2118911700.00,C0000003
592,2118913300.00,C0000003
593,2118913800.00,C0000003
594,2118915400.00,C0000003
595,2118915900.00,C0000003
596,2118917500.00,C0000003
597,2118918000.00,C0000003
598,2118919600.00,C0000003
599,2118920100.00,C0000003
600,2118921700.00,C0000003
601,2118922200.00,C0000003
602,2118923800.00,C0000003
603,2118924300.00,C0000003
604,2118925850.00,C0000003
605,2118926400.00,C0000003
606,2118928000.00,C0000003
607,2118928500.00,C0000003
608,2118930100.00,C0000003
609,2118930600.00,C0000003
610,2118932200.00,C0000003
611,2118932700.00,C0000003
612,2118934300.00,C0000003
613,2118934800.00,C0000003
614,2118936400.00,C0000003
615,2118936900.00,C0000003
616,2118938500.00,C0000003
617,2118939000.00,C0000003
618,2118940600.00,C0000003
619,2118941100.00,C0000003
620,2118942700.00,C0000003
621,2118943200.00,C0000003
622,2118944800.00,C0000003
623,2118945300.00,C0000003
624,2118946900.00,C0000003
625,2118947400.00,C0000003
626,2118949000.00,C0000003
627,2118949500.00,C0000003
628,2118951100.00,C0000003
629,2118951600.00,C0000003
630,2118953200.00,C0000003
631,2118953700.00,C0000003
632,2118955300.00,C0000003
633,2118955800.00,C0000003
634,2118957350.00,C0000003
635,2118957900.00,C0000003
636,2118959500.00,C0000003
637,2118960000.00,C0000003
638,2118961600.00,C0000003
639,2118962100.00,C0000003
640,2118963700.00,C0000003
641,2118964200.00,C0000003
642,2118966200.00,C0000003
643,2127690200.00,80000018
644,2127691150.00,80000018
645,2127718500.00,90000000
646,2127718750.00,90000000
647,2127726950.00,80000002
648,2127728200.00,8000003C
649,2127729500.00,8000003C
650,2127730500.00,80000002
651,2127731700.00,80000010
652,2127735400.00,9000000B
653,2127736350.00,90000000
654,2127737750.00,90000020
655,2127738900.00,90000020
656,2127740350.00,90000000
657,2127741400.00,90000000
658,2127806700.00,C0000003
659,2127813000.00,0000003F
660,2127813600.00,D0000004
661,2127813900.00,D0000004
662,2127822400.00,E000000C
663,2127828400.00,F0000010
664,2127838600.00,90000000
665,2127838850.00,90000000
666,2127861750.00,10000000
667,2127869150.00,00000000
668,2127871250.00,10000001
669,2127872850.00,0000003F
670,2127874800.00,10000002
671,2127876300.00,00000000
672,2127877800.00,10000003
673,2127879400.00,0000003F
674,2127881050.00,10000004
675,2127883000.00,00000000
676,2127884500.00,10000005
677,2127886100.00,0000003F
678,2127888050.00,10000006
679,2127889650.00,00000000
680,2127891150.00,10000007
681,2127892750.00,0000003F
682,2127894450.00,10000008
683,2127896050.00,0000003F
684,2127897600.00,10000009
685,2127899150.00,00000000
686,2127900850.00,1000000A
687,2127902450.00,0000003F
688,2127904000.00,1000000B
689,2127905600.00,00000000
690,2127907300.00,1000000C
691,2127908900.00,0000003F
692,2127910350.00,1000000D
693,2127911950.00,00000000
694,2127913950.00,1000000E
695,2127915550.00,0000003F
696,2127917100.00,1000000F
697,2127918700.00,00000000
698,2127920500.00,10000010
699,2127922100.00,00000000
700,2127923950.00,10000011
701,2127925550.00,00000000
702,2127927050.00,10000012
703,2127928650.00,00000000
704,2127930150.00,10000013
705,2127931750.00,00000000
706,2127933250.00,10000014
707,2127934850.00,00000000
708,2127936350.00,10000015
709,2127937950.00,00000000
710,2127939450.00,10000016
711,2127941050.00,00000000
712,2127942550.00,10000017
713,2127944050.00,00000000
714,2127945550.00,10000018
715,2127947150.00,00000000
716,2127948650.00,10000019
717,2127950250.00,00000000
718,2127951750.00,1000001A
719,2127953350.00,00000000
720,2127954750.00,1000001B
721,2127956350.00,00000000
722,2127957850.00,1000001C
723,2127959450.00,00000000
724,2127960950.00,1000001D
725,2127962550.00,00000000
726,2127964050.00,1000001E
727,2127965650.00,00000000
728,2127967100.00,1000001F
729,2127968700.00,00000000
730,2127970200.00,10000020
731,2127971800.00,00000000
732,2127973300.00,10000021
733,2127974900.00,00000000
734,2127976400.00,10000022
735,2127977850.00,00000000
736,2127979350.00,10000023
737,2127980950.00,00000000
738,2127982450.00,10000024
739,2127984050.00,00000000
740,2127985550.00,10000025
741,2127987150.00,00000000
742,2127988650.00,10000026
743,2127990250.00,00000000
744,2127991750.00,10000027
745,2127993350.00,00000000
746,2127994850.00,10000028
747,2127996450.00,00000000
748,2127997950.00,10000029
749,2127999550.00,00000000
750,2128000950.00,1000002A
751,2128002550.00,00000000
752,2128004050.00,1000002B
753,2128005650.00,00000000
754,2128007150.00,1000002C
755,2128008750.00,00000000
756,2128010250.00,1000002D
757,2128011600.00,00000000
758,2128013100.00,1000002E
759,2128014700.00,00000000
760,2128016200.00,1000002F
761,2128017800.00,00000000
762,2128019300.00,10000030
763,2128020900.00,00000000
764,2128022400.00,10000031
765,2128023900.00,00000000
766,2128025400.00,10000032
767,2128027000.00,00000000
768,2128028500.00,10000033
769,2128030100.00,00000000
770,2128031600.00,10000034
771,2128033200.00,00000000
772,2128034650.00,10000035
773,2128036250.00,00000000
774,2128037750.00,10000036
775,2128039350.00,00000000
776,2128040850.00,10000037
777,2128042450.00,00000000
778,2128043950.00,10000038
779,2128045550.00,00000000
780,2128047050.00,10000039
781,2128048650.00,00000000
782,2128050150.00,1000003A
783,2128051750.00,00000000
784,2128053250.00,1000003B
785,2128054850.00,00000000
786,2128056350.00,1000003C
787,2128057800.00,00000000
788,2128059300.00,1000003D
789,2128060900.00,00000000
790,2128062400.00,1000003E
791,2128064000.00,00000000
792,2128065500.00,1000003F
793,2128067100.00,00000000
794,2128068600.00,10000000
795,2128070200.00,00000000
796,2128071700.00,10000001
797,2128073300.00,00000000
798,2128074800.00,10000002
799,2128076400.00,00000000
800,2128077900.00,10000003
801,2128079500.00,00000000
802,2128080950.00,10000004
803,2128082550.00,00000000
804,2128084050.00,10000005
805,2128085650.00,00000000
806,2128087150.00,10000006
807,2128088750.00,00000000
808,2128090250.00,10000007
809,2128091700.00,00000000
810,2128093200.00,10000008
811,2128094800.00,00000000
812,2128096300.00,10000009
813,2128097900.00,00000000
814,2128099400.00,1000000A
815,2128101000.00,00000000
816,2128102500.00,1000000B
817,2128104100.00,00000000
818,2128105600.00,1000000C
819,2128107200.00,00000000
820,2128108700.00,1000000D
821,2128110300.00,00000000
822,2128111800.00,1000000E
823,2128113400.00,00000000
824,2128114800.00,1000000F
825,2128116400.00,00000000
826,2128117900.00,10000010
827,2128119500.00,00000000
828,2128121000.00,10000011
829,2128122600.00,00000000
830,2128124100.00,10000012
831,2128125450.00,00000000
832,2128126950.00,10000013
833,2128128550.00,00000000
834,2128130050.00,10000014
835,2128131650.00,00000000
836,2128133150.00,10000015
837,2128134750.00,00000000
838,2128136250.00,10000016
839,2128137750.00,00000000
840,2128139250.00,10000017
841,2128140850.00,00000000
842,2128142350.00,10000018
843,2128143950.00,00000000
844,2128145450.00,10000019
845,2128147050.00,00000000
846,2128148500.00,1000001A
847,2128150100.00,00000000
848,2128151600.00,1000001B
849,2128153200.00,00000000
850,2128154700.00,1000001C
851,2128156300.00,00000000
852,2128157800.00,1000001D
853,2128159400.00,00000000
854,2128160900.00,1000001E
855,2128162500.00,00000000
856,2128164000.00,1000001F
857,2128165600.00,00000000
858,2128167100.00,10000020
859,2128168700.00,00000000
860,2128170200.00,10000021
861,2128171650.00,00000000
862,2128173150.00,10000022
863,2128174750.00,00000000
864,2128176250.00,10000023
865,2128177850.00,00000000
866,2128179350.00,10000024
867,2128180950.00,00000000
868,2128182450.00,10000025
869,2128184050.00,00000000
870,2128185550.00,10000026
871,2128187150.00,00000000
872,2128188650.00,10000027
873,2128190250.00,00000000
874,2128191750.00,10000028
875,2128193350.00,00000000
876,2128194800.00,10000029
877,2128196400.00,00000000
878,2128197900.00,1000002A
879,2128199500.00,00000000
880,2128201000.00,1000002B
881,2128202600.00,00000000
882,2128204100.00,1000002C
883,2128205550.00,00000000
884,2128207050.00,1000002D
885,2128208650.00,00000000
886,2128210150.00,1000002E
887,2128211750.00,00000000
888,2128213250.00,1000002F
889,2128214850.00,00000000
890,2128216350.00,10000030
891,2128217950.00,00000000
892,2128219450.00,10000031
893,2128221050.00,00000000
894,2128222550.00,10000032
895,2128224150.00,00000000
896,2128225650.00,10000033
897,2128227250.00,00000000
898,2128228650.00,10000034
899,2128230250.00,00000000
900,2128231750.00,10000035
901,2128233350.00,00000000
902,2128234850.00,10000036
903,2128236450.00,00000000
904,2128237950.00,10000037
905,2128239300.00,00000000
906,2128240800.00,10000038
907,2128242400.00,00000000
908,2128243900.00,10000039
909,2128245500.00,00000000
910,2128247000.00,1000003A
911,2128248600.00,00000000
912,2128250100.00,1000003B
913,2128251600.00,00000000
914,2128253100.00,1000003C
915,2128254700.00,00000000
916,2128256200.00,1000003D
917,2128257800.00,00000000
918,2128259300.00,1000003E
919,2128260900.00,00000000
920,2128262350.00,1000003F
921,2128263950.00,00000000
922,2128265450.00,10000000
923,2128267050.00,00000000
924,2128268550.00,10000001
925,2128270150.00,00000000
926,2128271650.00,10000002
927,2128273250.00,00000000
928,2128274750.00,10000003
929,2128276350.00,00000000
930,2128277850.00,10000004
931,2128279450.00,00000000
932,2128280950.00,10000005
933,2128282550.00,00000000
934,2128284050.00,10000006
935,2128285500.00,00000000
936,2128287000.00,10000007
937,2128288600.00,00000000
938,2128290100.00,10000008
939,2128291700.00,00000000
940,2128293200.00,10000009
941,2128294800.00,00000000
942,2128296300.00,1000000A
943,2128297900.00,00000000
944,2128299400.00,1000000B
945,2128301000.00,00000000
946,2128302500.00,1000000C
947,2128304100.00,00000000
948,2128305600.00,1000000D
949,2128307200.00,00000000
950,2128308650.00,1000000E
951,2128310250.00,00000000
952,2128311750.00,1000000F
953,2128313350.00,00000000
954,2128314850.00,10000010
955,2128316450.00,00000000
956,2128317950.00,10000011
957,2128319400.00,00000000
958,2128320900.00,10000012
959,2128322500.00,00000000
960,2128324000.00,10000013
961,2128325600.00,00000000
962,2128327100.00,10000014
963,2128328700.00,00000000
964,2128330200.00,10000015
965,2128331800.00,00000000
966,2128333300.00,10000016
967,2128334900.00,00000000
968,2128336400.00,10000017
969,2128338000.00,00000000
970,2128339500.00,10000018
971,2128341100.00,00000000
972,2128342500.00,10000019
973,2128344100.00,00000000
974,2128345600.00,1000001A
975,2128347200.00,00000000
976,2128348700.00,1000001B
977,2128350300.00,00000000
978,2128351800.00,1000001C
979,2128353150.00,00000000
980,2128354650.00,1000001D
981,2128356250.00,00000000
982,2128357750.00,1000001E
983,2128359350.00,00000000
984,2128360850.00,1000001F
985,2128362450.00,00000000
986,2128363950.00,10000020
987,2128365450.00,00000000
988,2128366950.00,10000021
989,2128368550.00,00000000
990,2128370050.00,10000022
991,2128371650.00,00000000
992,2128373150.00,10000023
993,2128374750.00,00000000
994,2128376200.00,10000024
995,2128377800.00,00000000
996,2128379300.00,10000025
997,2128380900.00,00000000
998,2128382400.00,10000026
999,2128384000.00,00000000
1000,2128385500.00,10000027
1001,2128387100.00,00000000
1002,2128388600.00,10000028
1003,2128390200.00,00000000
1004,2128391700.00,10000029
1005,2128393300.00,00000000
1006,2128394800.00,1000002A
1007,2128396400.00,00000000
1008,2128397900.00,1000002B
1009,2128399350.00,00000000
1010,2128400850.00,1000002C
1011,2128402450.00,00000000
1012,2128403950.00,1000002D
1013,2128405550.00,00000000
1014,2128407050.00,1000002E
1015,2128408650.00,00000000
1016,2128410150.00,1000002F
1017,2128411750.00,00000000
1018,2128413250.00,10000030
1019,2128414850.00,00000000
1020,2128416350.00,10000031
1021,2128417950.00,00000000
1022,2128419450.00,10000032
1023,2128421050.00,00000000
1024,2128422500.00,10000033
1025,2128424100.00,00000000
1026,2128425600.00,10000034
1027,2128427200.00,00000000
1028,2128428700.00,10000035
1029,2128430300.00,00000000
1030,2128431800.00,10000036
1031,2128433250.00,00000000
1032,2128434750.00,10000037
1033,2128436350.00,00000000
1034,2128437850.00,10000038
1035,2128439450.00,00000000
1036,2128440950.00,10000039
1037,2128442550.00,00000000
1038,2128444050.00,1000003A
1039,2128445650.00,00000000
1040,2128447150.00,1000003B
1041,2128448750.00,00000000
1042,2128450250.00,1000003C
1043,2128451850.00,00000000
1044,2128453350.00,1000003D
1045,2128454950.00,00000000
1046,2128456350.00,1000003E
1047,2128457950.00,00000000
1048,2128459450.00,1000003F
1049,2128461050.00,00000000
1050,2128462550.00,10000000
1051,2128464150.00,00000000
1052,2128465650.00,10000001
1053,2128467000.00,00000000
1054,2128468500.00,10000002
1055,2128470100.00,00000000
1056,2128471600.00,10000003
1057,2128473200.00,00000000
1058,2128474700.00,10000004
1059,2128476300.00,00000000
1060,2128477800.00,10000005
1061,2128479300.00,00000000
1062,2128480800.00,10000006
1063,2128482400.00,00000000
1064,2128483900.00,10000007
1065,2128485500.00,00000000
1066,2128487000.00,10000008
1067,2128488600.00,00000000
1068,2128490000.00,10000009
1069,2128491600.00,00000000
1070,2128493100.00,1000000A
1071,2128494700.00,00000000
1072,2128496200.00,1000000B
1073,2128497800.00,00000000
1074,2128499300.00,1000000C
1075,2128500900.00,00000000
1076,2128502400.00,1000000D
1077,2128504000.00,00000000
1078,2128505500.00,1000000E
1079,2128507100.00,00000000
1080,2128508600.00,1000000F
1081,2128510200.00,00000000
1082,2128511700.00,10000010
1083,2128513150.00,00000000
1084,2128514650.00,10000011
1085,2128516250.00,00000000
1086,2128517750.00,10000012
1087,2128519350.00,00000000
1088,2128520850.00,10000013
1089,2128522450.00,00000000
1090,2128523950.00,10000014
1091,2128525550.00,00000000
1092,2128527050.00,10000015
1093,2128528650.00,00000000
1094,2128530150.00,10000016
1095,2128531750.00,00000000
1096,2128533250.00,10000017
1097,2128534850.00,00000000
1098,2128536250.00,10000018
1099,2128537850.00,00000000
1100,2128539350.00,10000019
1101,2128540950.00,00000000
1102,2128542450.00,1000001A
1103,2128544050.00,00000000
1104,2128545550.00,1000001B
1105,2128546950.00,00000000
1106,2128548450.00,1000001C
1107,2128550050.00,00000000
1108,2128551550.00,1000001D
1109,2128553150.00,00000000
1110,2128554650.00,1000001E
1111,2128556250.00,00000000
1112,2128557750.00,1000001F
1113,2128559350.00,00000000
1114,2128560850.00,10000020
1115,2128562450.00,00000000
1116,2128563950.00,10000021
1117,2128565550.00,00000000
1118,2128567050.00,10000022
1119,2128568650.00,00000000
1120,2128570050.00,10000023
1121,2128571650.00,00000000
1122,2128573150.00,10000024
1123,2128574750.00,00000000
1124,2128576250.00,10000025
1125,2128577850.00,00000000
1126,2128579350.00,10000026
1127,2128580700.00,00000000
1128,2128582200.00,10000027
1129,2128583800.00,00000000
1130,2128585300.00,10000028
1131,2128586900.00,00000000
1132,2128588400.00,10000029
1133,2128590000.00,00000000
1134,2128591500.00,1000002A
1135,2128593000.00,00000000
1136,2128594500.00,1000002B
1137,2128596100.00,00000000
1138,2128597600.00,1000002C
1139,2128599200.00,00000000
1140,2128600700.00,1000002D
1141,2128602300.00,00000000
1142,2128603700.00,1000002E
1143,2128605300.00,00000000
1144,2128606800.00,1000002F
1145,2128608400.00,00000000
1146,2128609900.00,10000030
1147,2128611500.00,00000000
1148,2128613000.00,10000031
1149,2128614600.00,00000000
1150,2128616100.00,10000032
1151,2128617700.00,00000000
1152,2128619200.00,10000033
1153,2128620800.00,00000000
1154,2128622300.00,10000034
1155,2128623900.00,00000000
1156,2128625400.00,10000035
1157,2128626850.00,00000000
1158,2128628350.00,10000036
1159,2128629950.00,00000000
1160,2128631450.00,10000037
1161,2128633050.00,00000000
1162,2128634550.00,10000038
1163,2128636150.00,00000000
1164,2128637650.00,10000039
1165,2128639250.00,00000000
1166,2128640750.00,1000003A
1167,2128642350.00,00000000
1168,2128643850.00,1000003B
1169,2128645450.00,00000000
1170,2128646950.00,1000003C
1171,2128648550.00,00000000
1172,2128649950.00,1000003D
1173,2128651550.00,00000000
1174,2128653050.00,1000003E
1175,2128654650.00,00000000
1176,2128656150.00,1000003F
1177,2128657750.00,00000000
1178,2128661750.00,40000000
1179,2212095700.00,90000020
1180,2212095950.00,90000020
1181,2262570150.00,90000020
1182,2262570450.00,90000020
1183,2312755450.00,90000020
1184,2312755750.00,90000020
1185,2362688400.00,90000020
1186,2362688650.00,90000020
1187,2412602100.00,90000020
1188,2412602350.00,90000020
1189,2462579850.00,90000020
1190,2462580100.00,90000020
1191,2516787250.00,90000020
1192,2516787500.00,90000020
1193,2559962950.00,90000020
1194,2559963250.00,90000020
1195,2609845400.00,90000020
1196,2609845700.00,90000020
1197,2659612350.00,90000020
1198,2659612600.00,90000020
1199,2709316150.00,90000020
1200,2709316450.00,90000020
1201,2758995550.00,90000020
1202,2758995800.00,90000020
1203,2808653400.00,90000020
1204,2808653650.00,90000020
1205,2858301750.00,90000020
1206,2858302050.00,90000020
1207,2907930050.00,90000020
1208,2907930300.00,90000020
1209,2957552700.00,90000020
1210,2957552950.00,90000020
1211,3007166400.00,90000020
1212,3007166650.00,90000020
1213,3056892700.00,90000020
1214,3056892950.00,90000020
1215,3106721200.00,90000020
1216,3106721450.00,90000020
1217,3156605500.00,90000020
1218,3156605800.00,90000020
1219,3206480800.00,90000020
1220,3206481100.00,90000020
1221,3256234150.00,90000020
1222,3256234400.00,90000020
1223,3305899900.00,90000020
1224,3305900200.00,90000020
1225,3355515300.00,90000020
1226,3355515550.00,90000020
1227,3405119400.00,90000020
1228,3405119650.00,90000020
1229,3454711650.00,90000020
1230,3454711900.00,90000020
1231,3504266400.00,90000020
1232,3504266650.00,90000020
1233,3553846750.00,90000020
1234,3553847000.00,90000020
1235,3603416100.00,90000020
1236,3603416350.00,90000020
1237,3653032850.00,90000020
1238,3653033100.00,90000020
1239,3702784100.00,90000020
1240,3702784350.00,90000020
1241,3752612300.00,90000020
1242,3752612550.00,90000020
1243,3802475550.00,90000020
1244,3802475800.00,90000020
1245,3852300400.00,90000020
1246,3852300700.00,90000020
1247,3902001300.00,90000020
1248,3902001550.00,90000020
1249,3951629300.00,90000020
1250,3951629550.00,90000020
1251,4001232600.00,90000020
1252,4001232900.00,90000020
1253,4050824250.00,90000020
1254,4050824500.00,90000020
1255,4100415300.00,90000020
1256,4100415550.00,90000020
1257,4149994500.00,90000020
1258,4149994750.00,90000020
1259,4199578550.00,90000020
1260,4199578800.00,90000020
1261,4249150850.00,90000020
1262,4249151100.00,90000020
1263,4298719150.00,90000020
1264,4298719400.00,90000020
1265,4348377350.00,90000020
1266,4348377600.00,90000020
1267,4398157300.00,90000020
1268,4398157550.00,90000020
1269,4447994550.00,90000020
1270,4447994850.00,90000020
1271,4497845900.00,90000020
1272,4497846200.00,90000020
1273,4547595650.00,90000020
1274,4547595900.00,90000020
1275,4597242750.00,90000020
1276,4597243000.00,90000020
1277,4646838550.00,90000020
1278,4646838800.00,90000020
1279,4696421650.00,90000020
1280,4696421900.00,90000020
1281,4745960500.00,90000020
1282,4745960750.00,90000020
1283,4795528300.00,90000020
1284,4795528550.00,90000020
1285,4845102450.00,90000020
1286,4845102700.00,90000020
1287,4894674100.00,90000020
1288,4894674400.00,90000020
1289,4944271050.00,90000020
1290,4944271300.00,90000020
1291,4993994150.00,90000020
1292,4993994400.00,90000020
1293,5043808150.00,90000020
1294,5043808400.00,90000020
1295,5093657000.00,90000020
1296,5093657250.00,90000020
1297,5143417300.00,90000020
1298,5143417550.00,90000020
1299,5193075050.00,90000020
1300,5193075300.00,90000020
1301,5242697950.00,90000020
1302,5242698250.00,90000020
1303,5292287250.00,90000020
1304,5292287500.00,90000020
1305,5341868250.00,90000020
1306,5341868500.00,90000020
1307,5391436150.00,90000020
1308,5391436400.00,90000020
1309,5441012350.00,90000020
1310,5441012650.00,90000020
1311,5490588400.00,90000020
1312,5490588700.00,90000020
1313,5540222850.00,90000020
1314,5540223100.00,90000020
1315,5589988450.00,90000020
1316,5589988700.00,90000020
1317,5639831400.00,90000020
1318,5639831700.00,90000020
1319,5689698850.00,90000020
1320,5689699100.00,90000020
1321,5739484000.00,90000020
1322,5739484250.00,90000020
1323,5789153500.00,90000020
1324,5789153750.00,90000020
1325,5838768600.00,90000020
1326,5838768900.00,90000020
1327,5888369950.00,90000020
1328,5888370200.00,90000020
1329,5937958700.00,90000020
1330,5937958950.00,90000020
1331,5987514150.00,90000020
1332,5987514400.00,90000020
1333,6037090100.00,90000020
1334,6037090400.00,90000020
1335,6086668300.00,90000020
1336,6086668550.00,90000020
1337,6136345550.00,90000020
1338,6136345800.00,90000020
1339,6186138400.00,90000020
1340,6186138650.00,90000020
1341,6235986650.00,90000020
1342,6235986900.00,90000020
1343,6285852300.00,90000020
1344,6285852550.00,90000020
1345,6335610600.00,90000020
1346,6335610850.00,90000020
1347,6385283750.00,90000020
1348,6385284000.00,90000020
1349,6434910800.00,90000020
1350,6434911050.00,90000020
1351,6484518650.00,90000020
1352,6484518900.00,90000020
1353,6534111850.00,90000020
1354,6534112100.00,90000020
1355,6583708200.00,90000020
1356,6583708450.00,90000020
1357,6633297800.00,90000020
1358,6633298050.00,90000020
1359,6682876100.00,90000020
1360,6682876350.00,90000020
1361,6732530200.00,90000020
1362,6732530450.00,90000020
1363,6782302750.00,90000020
1364,6782303000.00,90000020
1365,6832146250.00,90000020
1366,6832146500.00,90000020
1367,6882014300.00,90000020
1368,6882014550.00,90000020
1369,6931789150.00,90000020
1370,6931789400.00,90000020
1371,6981466650.00,90000020
1372,6981466900.00,90000020
1373,7031098050.00,90000020
1374,7031098300.00,90000020
1375,7080712000.00,90000020
1376,7080712300.00,90000020
1377,7130315700.00,90000020
1378,7130316000.00,90000020
1379,7179887250.00,90000020
1380,7179887500.00,90000020
1381,7229494450.00,90000020
1382,7229494700.00,90000020
1383,7279097250.00,90000020
1384,7279097500.00,90000020
1385,7328747000.00,90000020
1386,7328747250.00,90000020
1387,7378527050.00,90000020
1388,7378527350.00,90000020
1389,7428391250.00,90000020
1390,7428391550.00,90000020
1391,7478287600.00,90000020
1392,7478287850.00,90000020
1393,7528126150.00,90000020
1394,7528126400.00,90000020
1395,7577842450.00,90000020
1396,7577842750.00,90000020
1397,7627502850.00,90000020
1398,7627503150.00,90000020
1399,7677132400.00,90000020
1400,7677132700.00,90000020
1401,7726744850.00,90000020
1402,7726745100.00,90000020
1403,7776348050.00,90000020
1404,7776348350.00,90000020
1405,7825961150.00,90000020
1406,7825961400.00,90000020
1407,7875568900.00,90000020
1408,7875569200.00,90000020
1409,7925177850.00,90000020
1410,7925178100.00,90000020
1411,7974794000.00,90000020
1412,7974794250.00,90000020
1413,8024478350.00,90000020
1414,8024478600.00,90000020
1415,8074280850.00,90000020
1416,8074281150.00,90000020
1417,8124156000.00,90000020
1418,8124156250.00,90000020
1419,8174052550.00,90000020
1420,8174052800.00,90000020
1421,8223862750.00,90000020
1422,8223863050.00,90000020
1423,8273570050.00,90000020
1424,8273570300.00,90000020
1425,8323232800.00,90000020
1426,8323233050.00,90000020
1427,8372873350.00,90000020
1428,8372873600.00,90000020
1429,8422479000.00,90000020
1430,8422479250.00,90000020
1431,8472103400.00,90000020
1432,8472103650.00,90000020
1433,8521722700.00,90000020
1434,8521722950.00,90000020
1435,8571351850.00,90000020
1436,8571352150.00,90000020
1437,8621093700.00,90000020
1438,8621094000.00,90000020
1439,8670950750.00,90000020
1440,8670951000.00,90000020
1441,8720853400.00,90000020
1442,8720853650.00,90000020
1443,8770738800.00,90000020
1444,8770739100.00,90000020
1445,8820507700.00,90000020
1446,8820507950.00,90000020
1447,8870202100.00,90000020
1448,8870202350.00,90000020
1449,8919863300.00,90000020
1450,8919863600.00,90000020
1451,8969511250.00,90000020
1452,8969511500.00,90000020
1453,9019150700.00,90000020
1454,9019150950.00,90000020
1455,9068786950.00,90000020
1456,9068787200.00,90000020
1457,9118412600.00,90000020
1458,9118412850.00,90000020
1459,9168047300.00,90000020
1460,9168047550.00,90000020
1461,9217783950.00,90000020
1462,9217784250.00,90000020
1463,9267638300.00,90000020
1464,9267638550.00,90000020
1465,9317537750.00,90000020
1466,9317538000.00,90000020
1467,9367400100.00,90000020
1468,9367400350.00,90000020
1469,9417152650.00,90000020
1470,9417152950.00,90000020
1471,9466838550.00,90000020
1472,9466838800.00,90000020
1473,9516501600.00,90000020
1474,9516501850.00,90000020
1475,9566149050.00,90000020
1476,9566149350.00,90000020
1477,9615791000.00,90000020
1478,9615791250.00,90000020
1479,9665396450.00,90000020
1480,9665396700.00,90000020
1481,9715031150.00,90000020
1482,9715031450.00,90000020
1483,9764781450.00,90000020
1484,9764781700.00,90000020
1485,9814647700.00,90000020
1486,9814647950.00,90000020
1487,9864558000.00,90000020
1488,9864558250.00,90000020
1489,9914482200.00,90000020
1490,9914482450.00,90000020
1491,9964288500.00,90000020
1492,9964288750.00,90000020
1493,10014013600.00,90000020
1494,10014013900.00,90000020
1495,10063699450.00,90000020
1496,10063699750.00,90000020
1497,10113369700.00,90000020
1498,10113369950.00,90000020
1499,10163031200.00,90000020
1500,10163031500.00,90000020
1501,10212693350.00,90000020
1502,10212693650.00,90000020
1503,10262356500.00,90000020
1504,10262356750.00,90000020
1505,10312019800.00,90000020
1506,10312020050.00,90000020
1507,10361672100.00,90000020
1508,10361672350.00,90000020
1509,10411429300.00,90000020
1510,10411429550.00,90000020
1511,10461297250.00,90000020
1512,10461297500.00,90000020
1513,10511225250.00,90000020
1514,10511225500.00,90000020
1515,10561174500.00,90000020
1516,10561174750.00,90000020
1517,10611039000.00,90000020
1518,10611039250.00,90000020
1519,10660766250.00,90000020
1520,10660766500.00,90000020
1521,10710432000.00,90000020
1522,10710432250.00,90000020
1523,10760086200.00,90000020
1524,10760086450.00,90000020
1525,10809748100.00,90000020
1526,10809748350.00,90000020
1527,10859410650.00,90000020
1528,10859410900.00,90000020
1529,10909051000.00,90000020
1530,10909051250.00,90000020
1531,10958713900.00,90000020
1532,10958714150.00,90000020
1533,11008357400.00,90000020
1534,11008357650.00,90000020
1535,11057973300.00,90000020
1536,11057973550.00,90000020
1537,11107592650.00,90000020
1538,11107592900.00,90000020
1539,11157235800.00,90000020
1540,11157236100.00,90000020
1541,11206892400.00,90000020
1542,11206892650.00,90000020
1543,11256654400.00,90000020
1544,11256654650.00,90000020
1545,11306519050.00,90000020
1546,11306519300.00,90000020
1547,11356446500.00,90000020
1548,11356446800.00,90000020
1549,11406366300.00,90000020
1550,11406366550.00,90000020
1551,11456181450.00,90000020
1552,11456181700.00,90000020
1553,11505916250.00,90000020
1554,11505916500.00,90000020
1555,11555613500.00,90000020
1556,11555613800.00,90000020
1557,11605283800.00,90000020
1558,11605284050.00,90000020
1559,11654941500.00,90000020
1560,11654941750.00,90000020
1561,11704599800.00,90000020
1562,11704600100.00,90000020
1563,11754261050.00,90000020
1564,11754261350.00,90000020
1565,11803932950.00,90000020
1566,11803933250.00,90000020
1567,11853614400.00,90000020
1568,11853614700.00,90000020
1569,11903416900.00,90000020
1570,11903417150.00,90000020
1571,11953318950.00,90000020
1572,11953319250.00,90000020
1573,12003253950.00,90000020
1574,12003254200.00,90000020
1575,12053136850.00,90000020
1576,12053137100.00,90000020
1577,12102915050.00,90000020
1578,12102915300.00,90000020
1579,12149059450.00,90000020
1580,12149059750.00,90000020
1581,12189674000.00,90000020
1582,12189674250.00,90000020
1583,12190068650.00,B0000004
1584,12190069950.00,B0000003
1585,12235894000.00,90000020
1586,12235894300.00,90000020
1587,12299591700.00,90000020
1588,12299592000.00,90000020
1589,12369028950.00,90000020
1590,12369029250.00,90000020
1591,12438126950.00,90000020
1592,12438127200.00,90000020
1593,12509586650.00,90000020
1594,12509586900.00,90000020
1595,12574941550.00,90000020
1596,12574941850.00,90000020
1597,12643610150.00,90000020
1598,12643610450.00,90000020
1599,12715793700.00,90000020
1600,12715794000.00,90000020
1601,12791422450.00,90000020
1602,12791422700.00,90000020
1603,12860387600.00,90000020
1604,12860387850.00,90000020
1605,12932319800.00,90000020
1606,12932320050.00,90000020
1607,13007202900.00,90000020
1608,13007203150.00,90000020
1609,13077355850.00,80000018
1610,13077356800.00,80000018
1611,13077357750.00,80000002
1612,13077358700.00,8000003C
1613,13077360000.00,8000003C
1614,13077361000.00,80000002
1615,13077362200.00,80000010
1616,13077365900.00,9000000B
1617,13077366850.00,90000000
1618,13077368300.00,90000020
1619,13077369450.00,90000020
1620,13077370900.00,90000000
1621,13077372050.00,90000000
1622,13077728250.00,C0000003
1623,13077736050.00,0000003F
1624,13077736650.00,D0000004
1625,13077737250.00,D0000004
1626,13077746100.00,E000000C
1627,13077752750.00,F0000010
1628,13077764900.00,90000000
1629,13077765150.00,90000000
1630,13077790700.00,10000000
1631,13077798400.00,00000000
1632,13077800500.00,10000001
1633,13077802100.00,0000003F
1634,13077804000.00,10000002
1635,13077805600.00,00000000
1636,13077806950.00,10000003
1637,13077808550.00,0000003F
1638,13077810200.00,10000004
1639,13077812150.00,00000000
1640,13077813650.00,10000005
1641,13077815250.00,0000003F
1642,13077817200.00,10000006
1643,13077818800.00,00000000
1644,13077820300.00,10000007
1645,13077821650.00,0000003F
1646,13077823300.00,10000008
1647,13077824900.00,0000003F
1648,13077826450.00,10000009
1649,13077827850.00,00000000
1650,13077829450.00,1000000A
1651,13077831050.00,0000003F
1652,13077832600.00,1000000B
1653,13077834200.00,00000000
1654,13077835900.00,1000000C
1655,13077837500.00,0000003F
1656,13077838750.00,1000000D
1657,13077840300.00,00000000
1658,13077842300.00,1000000E
1659,13077843900.00,0000003F
1660,13077845450.00,1000000F
1661,13077847050.00,00000000
1662,13077848850.00,10000010
1663,13077849900.00,00000000
1664,13077851750.00,10000011
1665,13077853350.00,00000000
1666,13077854800.00,10000012
1667,13077856400.00,00000000
1668,13077857900.00,10000013
1669,13077859500.00,00000000
1670,13077860700.00,10000014
1671,13077862300.00,00000000
1672,13077863800.00,10000015
1673,13077865400.00,00000000
1674,13077866850.00,10000016
1675,13077868450.00,00000000
1676,13077869950.00,10000017
1677,13077871450.00,00000000
1678,13077872950.00,10000018
1679,13077874550.00,00000000
1680,13077876050.00,10000019
1681,13077877650.00,00000000
1682,13077879150.00,1000001A
1683,13077880750.00,00000000
1684,13077882250.00,1000001B
1685,13077883600.00,00000000
1686,13077885100.00,1000001C
1687,13077886700.00,00000000
1688,13077888200.00,1000001D
1689,13077889700.00,00000000
1690,13077891200.00,1000001E
1691,13077892800.00,00000000
1692,13077894150.00,1000001F
1693,13077895500.00,00000000
1694,13077897000.00,10000020
1695,13077898600.00,00000000
1696,13077900100.00,10000021
1697,13077901700.00,00000000
1698,13077903200.00,10000022
1699,13077904800.00,00000000
1700,13077906300.00,10000023
1701,13077907900.00,00000000
1702,13077909400.00,10000024
1703,13077911000.00,00000000
1704,13077912500.00,10000025
1705,13077914100.00,00000000
1706,13077915600.00,10000026
1707,13077917100.00,00000000
1708,13077918600.00,10000027
1709,13077920200.00,00000000
1710,13077921700.00,10000028
1711,13077923300.00,00000000
1712,13077924800.00,10000029
1713,13077926400.00,00000000
1714,13077927650.00,1000002A
1715,13077929250.00,00000000
1716,13077930750.00,1000002B
1717,13077932350.00,00000000
1718,13077933850.00,1000002C
1719,13077935450.00,00000000
1720,13077936950.00,1000002D
1721,13077938550.00,00000000
1722,13077940050.00,1000002E
1723,13077941650.00,00000000
1724,13077943150.00,1000002F
1725,13077944750.00,00000000
1726,13077946250.00,10000030
1727,13077947850.00,00000000
1728,13077949250.00,10000031
1729,13077950850.00,00000000
1730,13077952350.00,10000032
1731,13077953950.00,00000000
1732,13077955450.00,10000033
1733,13077957050.00,00000000
1734,13077958500.00,10000034
1735,13077960100.00,00000000
1736,13077961600.00,10000035
1737,13077963200.00,00000000
1738,13077964500.00,10000036
1739,13077966100.00,00000000
1740,13077967600.00,10000037
1741,13077969200.00,00000000
1742,13077970650.00,10000038
1743,13077972200.00,00000000
1744,13077973700.00,10000039
1745,13077975300.00,00000000
1746,13077976750.00,1000003A
1747,13077978350.00,00000000
1748,13077979850.00,1000003B
1749,13077981450.00,00000000
1750,13077982650.00,1000003C
1751,13077984250.00,00000000
1752,13077985750.00,1000003D
1753,13077987100.00,00000000
1754,13077988600.00,1000003E
1755,13077990200.00,00000000
1756,13077991700.00,1000003F
1757,13077993200.00,00000000
1758,13077994700.00,10000000
1759,13077996300.00,00000000
1760,13077997800.00,10000001
1761,13077999250.00,00000000
1762,13078000750.00,10000002
1763,13078002350.00,00000000
1764,13078003850.00,10000003
1765,13078005350.00,00000000
1766,13078006850.00,10000004
1767,13078008450.00,00000000
1768,13078009950.00,10000005
1769,13078011550.00,00000000
1770,13078013050.00,10000006
1771,13078014650.00,00000000
1772,13078015850.00,10000007
1773,13078017450.00,00000000
1774,13078018950.00,10000008
1775,13078020550.00,00000000
1776,13078021900.00,10000009
1777,13078023500.00,00000000
1778,13078025000.00,1000000A
1779,13078026500.00,00000000
1780,13078028000.00,1000000B
1781,13078029600.00,00000000
1782,13078031100.00,1000000C
1783,13078032700.00,00000000
1784,13078034150.00,1000000D
1785,13078035750.00,00000000
1786,13078037250.00,1000000E
1787,13078038750.00,00000000
1788,13078040250.00,1000000F
1789,13078041850.00,00000000
1790,13078043350.00,10000010
1791,13078044950.00,00000000
1792,13078046450.00,10000011
1793,13078048050.00,00000000
1794,13078049350.00,10000012
1795,13078050950.00,00000000
1796,13078052450.00,10000013
1797,13078054050.00,00000000
1798,13078055550.00,10000014
1799,13078057150.00,00000000
1800,13078058650.00,10000015
1801,13078060250.00,00000000
1802,13078061750.00,10000016
1803,13078063350.00,00000000
1804,13078064850.00,10000017
1805,13078066450.00,00000000
1806,13078067950.00,10000018
1807,13078069550.00,00000000
1808,13078071050.00,10000019
1809,13078072550.00,00000000
1810,13078074050.00,1000001A
1811,13078075650.00,00000000
1812,13078077150.00,1000001B
1813,13078078750.00,00000000
1814,13078080250.00,1000001C
1815,13078081850.00,00000000
1816,13078083300.00,1000001D
1817,13078084900.00,00000000
1818,13078086400.00,1000001E
1819,13078088000.00,00000000
1820,13078089500.00,1000001F
1821,13078090800.00,00000000
1822,13078092300.00,10000020
1823,13078093750.00,00000000
1824,13078095250.00,10000021
1825,13078096850.00,00000000
1826,13078098350.00,10000022
1827,13078099950.00,00000000
1828,13078101450.00,10000023
1829,13078102850.00,00000000
1830,13078104350.00,10000024
1831,13078105900.00,00000000
1832,13078107400.00,10000025
1833,13078108850.00,00000000
1834,13078110350.00,10000026
1835,13078111950.00,00000000
1836,13078113450.00,10000027
1837,13078114750.00,00000000
1838,13078116000.00,10000028
1839,13078117600.00,00000000
1840,13078119100.00,10000029
1841,13078120650.00,00000000
1842,13078122150.00,1000002A
1843,13078123750.00,00000000
1844,13078125250.00,1000002B
1845,13078126850.00,00000000
1846,13078128350.00,1000002C
1847,13078129950.00,00000000
1848,13078131450.00,1000002D
1849,13078133050.00,00000000
1850,13078134550.00,1000002E
1851,13078136150.00,00000000
1852,13078137350.00,1000002F
1853,13078138900.00,00000000
1854,13078140400.00,10000030
1855,13078142000.00,00000000
1856,13078143350.00,10000031
1857,13078144950.00,00000000
1858,13078146450.00,10000032
1859,13078148050.00,00000000
1860,13078149350.00,10000033
1861,13078150950.00,00000000
1862,13078152450.00,10000034
1863,13078154050.00,00000000
1864,13078155550.00,10000035
1865,13078157150.00,00000000
1866,13078158650.00,10000036
1867,13078160250.00,00000000
1868,13078161750.00,10000037
1869,13078163350.00,00000000
1870,13078164850.00,10000038
1871,13078166150.00,00000000
1872,13078167650.00,10000039
1873,13078169250.00,00000000
1874,13078170750.00,1000003A
1875,13078172150.00,00000000
1876,13078173650.00,1000003B
1877,13078175250.00,00000000
1878,13078176750.00,1000003C
1879,13078178150.00,00000000
1880,13078179650.00,1000003D
1881,13078181250.00,00000000
1882,13078182400.00,1000003E
1883,13078183950.00,00000000
1884,13078185450.00,1000003F
1885,13078187050.00,00000000
1886,13078188550.00,10000000
1887,13078190150.00,00000000
1888,13078191650.00,10000001
1889,13078193250.00,00000000
1890,13078194750.00,10000002
1891,13078196350.00,00000000
1892,13078197850.00,10000003
1893,13078199450.00,00000000
1894,13078200950.00,10000004
1895,13078202550.00,00000000
1896,13078204050.00,10000005
1897,13078205550.00,00000000
1898,13078207050.00,10000006
1899,13078208650.00,00000000
1900,13078210150.00,10000007
1901,13078211750.00,00000000
1902,13078213250.00,10000008
1903,13078214850.00,00000000
1904,13078216300.00,10000009
1905,13078217900.00,00000000
1906,13078219400.00,1000000A
1907,13078221000.00,00000000
1908,13078222500.00,1000000B
1909,13078224100.00,00000000
1910,13078225600.00,1000000C
1911,13078227200.00,00000000
1912,13078228600.00,1000000D
1913,13078230200.00,00000000
1914,13078231700.00,1000000E
1915,13078233300.00,00000000
1916,13078234800.00,1000000F
1917,13078236400.00,00000000
1918,13078237900.00,10000010
1919,13078239500.00,00000000
1920,13078241000.00,10000011
1921,13078242600.00,00000000
1922,13078244100.00,10000012
1923,13078245700.00,00000000
1924,13078246900.00,10000013
1925,13078248450.00,00000000
1926,13078249950.00,10000014
1927,13078251550.00,00000000
1928,13078253000.00,10000015
1929,13078254600.00,00000000
1930,13078256100.00,10000016
1931,13078257700.00,00000000
1932,13078259200.00,10000017
1933,13078260650.00,00000000
1934,13078262150.00,10000018
1935,13078263750.00,00000000
1936,13078265250.00,10000019
1937,13078266850.00,00000000
1938,13078268350.00,1000001A
1939,13078269650.00,00000000
1940,13078270900.00,1000001B
1941,13078272500.00,00000000
1942,13078274000.00,1000001C
1943,13078275450.00,00000000
1944,13078276950.00,1000001D
1945,13078278550.00,00000000
1946,13078280050.00,1000001E
1947,13078281400.00,00000000
1948,13078282900.00,1000001F
1949,13078284500.00,00000000
1950,13078286000.00,10000020
1951,13078287600.00,00000000
1952,13078289100.00,10000021
1953,13078290700.00,00000000
1954,13078292200.00,10000022
1955,13078293750.00,00000000
1956,13078295250.00,10000023
1957,13078296850.00,00000000
1958,13078298300.00,10000024
1959,13078299900.00,00000000
1960,13078301400.00,10000025
1961,13078303000.00,00000000
1962,13078304200.00,10000026
1963,13078305800.00,00000000
1964,13078307300.00,10000027
1965,13078308900.00,00000000
1966,13078310350.00,10000028
1967,13078311950.00,00000000
1968,13078313450.00,10000029
1969,13078314800.00,00000000
1970,13078316300.00,1000002A
1971,13078317900.00,00000000
1972,13078319400.00,1000002B
1973,13078320750.00,00000000
1974,13078322250.00,1000002C
1975,13078323850.00,00000000
1976,13078325350.00,1000002D
1977,13078326700.00,00000000
1978,13078328200.00,1000002E
1979,13078329800.00,00000000
1980,13078331300.00,1000002F
1981,13078332900.00,00000000
1982,13078334400.00,10000030
1983,13078336000.00,00000000
1984,13078337350.00,10000031
1985,13078338950.00,00000000
1986,13078340450.00,10000032
1987,13078342050.00,00000000
1988,13078343550.00,10000033
1989,13078345150.00,00000000
1990,13078346650.00,10000034
1991,13078348250.00,00000000
1992,13078349750.00,10000035
1993,13078351350.00,00000000
1994,13078352850.00,10000036
1995,13078354450.00,00000000
1996,13078355950.00,10000037
1997,13078357550.00,00000000
1998,13078389250.00,90000020
1999,13078389500.00,90000020
2000,13078399550.00,10000038
2001,13078401450.00,00000000
2002,13078402900.00,10000039
2003,13078404500.00,00000000
2004,13078406000.00,1000003A
2005,13078407600.00,00000000
2006,13078409100.00,1000003B
2007,13078410700.00,00000000
2008,13078412200.00,1000003C
2009,13078413800.00,00000000
2010,13078415200.00,1000003D
2011,13078416800.00,00000000
2012,13078418300.00,1000003E
2013,13078419900.00,00000000
2014,13078421400.00,1000003F
2015,13078423000.00,00000000
2016,13078424500.00,10000000
2017,13078425900.00,00000000
2018,13078427400.00,10000001
2019,13078429000.00,00000000
2020,13078430500.00,10000002
2021,13078432100.00,00000000
2022,13078433600.00,10000003
2023,13078435200.00,00000000
2024,13078436700.00,10000004
2025,13078438300.00,00000000
2026,13078439800.00,10000005
2027,13078441400.00,00000000
2028,13078442900.00,10000006
2029,13078444500.00,00000000
2030,13078446000.00,10000007
2031,13078447600.00,00000000
2032,13078449050.00,10000008
2033,13078450650.00,00000000
2034,13078452150.00,10000009
2035,13078453750.00,00000000
2036,13078455250.00,1000000A
2037,13078456850.00,00000000
2038,13078458350.00,1000000B
2039,13078459850.00,00000000
2040,13078461350.00,1000000C
2041,13078462950.00,00000000
2042,13078464450.00,1000000D
2043,13078466050.00,00000000
2044,13078467550.00,1000000E
2045,13078469150.00,00000000
2046,13078470650.00,1000000F
2047,13078472150.00,00000000
2048,13078473650.00,10000010
2049,13078475250.00,00000000
2050,13078476750.00,10000011
2051,13078478350.00,00000000
2052,13078479850.00,10000012
2053,13078481450.00,00000000
2054,13078482700.00,10000013
2055,13078484300.00,00000000
2056,13078485800.00,10000014
2057,13078487400.00,00000000
2058,13078488900.00,10000015
2059,13078490500.00,00000000
2060,13078492000.00,10000016
2061,13078493600.00,00000000
2062,13078495100.00,10000017
2063,13078496700.00,00000000
2064,13078498200.00,10000018
2065,13078499800.00,00000000
2066,13078501300.00,10000019
2067,13078502900.00,00000000
2068,13078504400.00,1000001A
2069,13078505900.00,00000000
2070,13078507400.00,1000001B
2071,13078509000.00,00000000
2072,13078510500.00,1000001C
2073,13078512100.00,00000000
2074,13078513600.00,1000001D
2075,13078515200.00,00000000
2076,13078516600.00,1000001E
2077,13078518200.00,00000000
2078,13078519700.00,1000001F
2079,13078521300.00,00000000
2080,13078522800.00,10000020
2081,13078524400.00,00000000
2082,13078525900.00,10000021
2083,13078527500.00,00000000
2084,13078528950.00,10000022
2085,13078530550.00,00000000
2086,13078532050.00,10000023
2087,13078533650.00,00000000
2088,13078535150.00,10000024
2089,13078536750.00,00000000
2090,13078538250.00,10000025
2091,13078539750.00,00000000
2092,13078541250.00,10000026
2093,13078542850.00,00000000
2094,13078544350.00,10000027
2095,13078545950.00,00000000
2096,13078547450.00,10000028
2097,13078549050.00,00000000
2098,13078550550.00,10000029
2099,13078552150.00,00000000
2100,13078553650.00,1000002A
2101,13078555250.00,00000000
2102,13078556750.00,1000002B
2103,13078558350.00,00000000
2104,13078559850.00,1000002C
2105,13078561450.00,00000000
2106,13078562850.00,1000002D
2107,13078564450.00,00000000
2108,13078565950.00,1000002E
2109,13078567550.00,00000000
2110,13078569050.00,1000002F
2111,13078570650.00,00000000
2112,13078572150.00,10000030
2113,13078573500.00,00000000
2114,13078575000.00,10000031
2115,13078576600.00,00000000
2116,13078578100.00,10000032
2117,13078579700.00,00000000
2118,13078581200.00,10000033
2119,13078582800.00,00000000
2120,13078584300.00,10000034
2121,13078585800.00,00000000
2122,13078587300.00,10000035
2123,13078588900.00,00000000
2124,13078590400.00,10000036
2125,13078592000.00,00000000
2126,13078593500.00,10000037
2127,13078595100.00,00000000
2128,13078596350.00,10000038
2129,13078597950.00,00000000
2130,13078599450.00,10000039
2131,13078601050.00,00000000
2132,13078602550.00,1000003A
2133,13078604150.00,00000000
2134,13078605650.00,1000003B
2135,13078607250.00,00000000
2136,13078608750.00,1000003C
2137,13078610350.00,00000000
2138,13078611850.00,1000003D
2139,13078613450.00,00000000
2140,13078614950.00,1000003E
2141,13078616550.00,00000000
2142,13078618050.00,1000003F
2143,13078619550.00,00000000
2144,13078623550.00,40000000
2145,13156057150.00,90000020
2146,13156057400.00,90000020
2147,13217873150.00,90000020
2148,13217873400.00,90000020
2149,13258144450.00,90000020
2150,13258144750.00,90000020
2151,13304038800.00,90000020
2152,13304039100.00,90000020
2153,13343954050.00,90000020
2154,13343954350.00,90000020
2155,13383799850.00,90000020
2156,13383800100.00,90000020
2157,13423475950.00,90000020
2158,13423476250.00,90000020
2159,13463101150.00,90000020
2160,13463101400.00,90000020
2161,13503005650.00,90000020
2162,13503005900.00,90000020
2163,13542651750.00,90000020
2164,13542652000.00,90000020
2165,13582506800.00,90000020
2166,13582507050.00,90000020
2167,13622458700.00,90000020
2168,13622458950.00,90000020
2169,13662122050.00,90000020
2170,13662122300.00,90000020
2171,13701974600.00,90000020
2172,13701974850.00,90000020
2173,13741947000.00,90000020
2174,13741947250.00,90000020
2175,13781692150.00,90000020
2176,13781692400.00,90000020
2177,13821513600.00,90000020
2178,13821513850.00,90000020
2179,13861465050.00,90000020
2180,13861465300.00,90000020
2181,13901219150.00,90000020
2182,13901219400.00,90000020
2183,13941073900.00,90000020
2184,13941074150.00,90000020
2185,13981065000.00,90000020
2186,13981065250.00,90000020
2187,14020821100.00,90000020
2188,14020821350.00,90000020
2189,14060629300.00,90000020
2190,14060629550.00,90000020
2191,14100600600.00,90000020
2192,14100600900.00,90000020
2193,14140442050.00,90000020
2194,14140442300.00,90000020
2195,14180291600.00,90000020
2196,14180291850.00,90000020
2197,14220226550.00,90000020
2198,14220226800.00,90000020
2199,14259980550.00,90000020
2200,14259980800.00,90000020
2201,14299877500.00,90000020
2202,14299877750.00,90000020
2203,14339878750.00,90000020
2204,14339879000.00,90000020
2205,14379691350.00,90000020
2206,14379691600.00,90000020
2207,14419495550.00,90000020
2208,14419495800.00,90000020
2209,14459480950.00,90000020
2210,14459481200.00,90000020
2211,14499328050.00,90000020
2212,14499328300.00,90000020
2213,14539201800.00,90000020
2214,14539202050.00,90000020
2215,14579193850.00,90000020
2216,14579194100.00,90000020
2217,14619004700.00,90000020
2218,14619004950.00,90000020
2219,14658845300.00,90000020
2220,14658845600.00,90000020
2221,14698870650.00,90000020
2222,14698870900.00,90000020
2223,14738747700.00,90000020
2224,14738747950.00,90000020
2225,14778711150.00,90000020
2226,14778711400.00,90000020
2227,14818682750.00,90000020
2228,14818683000.00,90000020
2229,14858663150.00,90000020
2230,14858663400.00,90000020
2231,14898136300.00,90000020
2232,14898136600.00,90000020
2233,14938077500.00,90000020
2234,14938077750.00,90000020
2235,14978066850.00,90000020
2236,14978067150.00,90000020
2237,15017916250.00,90000020
2238,15017916550.00,90000020
2239,15057910900.00,90000020
2240,15057911200.00,90000020
2241,15097879250.00,90000020
2242,15097879500.00,90000020
2243,15137705500.00,90000020
2244,15137705750.00,90000020
2245,15177712950.00,90000020
2246,15177713200.00,90000020
2247,15217722700.00,90000020
2248,15217722950.00,90000020
2249,15257549650.00,90000020
2250,15257549900.00,90000020
2251,15297576700.00,90000020
2252,15297576950.00,90000020
2253,15337602500.00,90000020
2254,15337602750.00,90000020
2255,15377402250.00,90000020
2256,15377402500.00,90000020
2257,15417381400.00,90000020
2258,15417381650.00,90000020
2259,15457395950.00,90000020
2260,15457396200.00,90000020
2261,15497277500.00,90000020
2262,15497277750.00,90000020
2263,15537239200.00,90000020
2264,15537239450.00,90000020
2265,15577228100.00,90000020
2266,15577228350.00,90000020
2267,15617140050.00,90000020
2268,15617140300.00,90000020
2269,15657176450.00,90000020
2270,15657176700.00,90000020
2271,15697157050.00,90000020
2272,15697157350.00,90000020
2273,15737076000.00,90000020
2274,15737076250.00,90000020
2275,15777119700.00,90000020
2276,15777119950.00,90000020
2277,15817071700.00,90000020
2278,15817071950.00,90000020
2279,15857004300.00,90000020
2280,15857004550.00,90000020
2281,15897023650.00,90000020
2282,15897023900.00,90000020
2283,15936992600.00,90000020
2284,15936992850.00,90000020
2285,15976877100.00,90000020
2286,15976877350.00,90000020
2287,16016917850.00,90000020
2288,16016918100.00,90000020
2289,16056878150.00,90000020
2290,16056878400.00,90000020
2291,16096820750.00,90000020
2292,16096821000.00,90000020
2293,16136879150.00,90000020
2294,16136879400.00,90000020
2295,16176877900.00,90000020
2296,16176878150.00,90000020
2297,16216848450.00,90000020
2298,16216848750.00,90000020
2299,16256927550.00,90000020
2300,16256927800.00,90000020
2301,16296940400.00,90000020
2302,16296940650.00,90000020
2303,16336921250.00,90000020
2304,16336921500.00,90000020
2305,16377015150.00,90000020
2306,16377015400.00,90000020
2307,16417026900.00,90000020
2308,16417027150.00,90000020
2309,16456991450.00,90000020
2310,16456991700.00,90000020
2311,16497059950.00,90000020
2312,16497060200.00,90000020
2313,16537080550.00,90000020
2314,16537080800.00,90000020
2315,16577057000.00,90000020
2316,16577057250.00,90000020
2317,16617115500.00,90000020
2318,16617115750.00,90000020
2319,16657098700.00,90000020
2320,16657098950.00,90000020
2321,16696830000.00,90000020
2322,16696830250.00,90000020
2323,16736750450.00,90000020
2324,16736750700.00,90000020
2325,16776653900.00,90000020
2326,16776654150.00,90000020
2327,16816372950.00,90000020
2328,16816373200.00,90000020
2329,16856277000.00,90000020
2330,16856277250.00,90000020
2331,16896211500.00,90000020
2332,16896211750.00,90000020
2333,16936059700.00,90000020
2334,16936059950.00,90000020
2335,16976134050.00,90000020
2336,16976134300.00,90000020
2337,17016187500.00,90000020
2338,17016187750.00,90000020
2339,17056183700.00,90000020
2340,17056183950.00,90000020
2341,17096310750.00,90000020
2342,17096311000.00,90000020
2343,17136366150.00,90000020
2344,17136366400.00,90000020
2345,17176379850.00,90000020
2346,17176380100.00,90000020
2347,17216526250.00,90000020
2348,17216526500.00,90000020
2349,17256568100.00,90000020
2350,17256568350.00,90000020
2351,17296544800.00,90000020
2352,17296545100.00,90000020
2353,17336635650.00,90000020
2354,17336635900.00,90000020
2355,17376621550.00,90000020
2356,17376621800.00,90000020
2357,17416642950.00,90000020
2358,17416643200.00,90000020
2359,17456805800.00,90000020
2360,17456806050.00,90000020
2361,17496845700.00,90000020
2362,17496846000.00,90000020
2363,17536872500.00,90000020
2364,17536872750.00,90000020
2365,17576945300.00,90000020
2366,17576945550.00,90000020
2367,17616932600.00,90000020
2368,17616932850.00,90000020
2369,17656892600.00,90000020
2370,17656892850.00,90000020
2371,17697231700.00,90000020
2372,17697231950.00,90000020
2373,17737229750.00,90000020
2374,17737230000.00,90000020
2375,17777273650.00,90000020
2376,17777273900.00,90000020
2377,17817413100.00,90000020
2378,17817413350.00,90000020
2379,17857352300.00,90000020
2380,17857352600.00,90000020
2381,17897384050.00,90000020
2382,17897384350.00,90000020
2383,17937556600.00,90000020
2384,17937556850.00,90000020
2385,17977591900.00,90000020
2386,17977592150.00,90000020
2387,18017586200.00,90000020
2388,18017586450.00,90000020
2389,18057669200.00,90000020
2390,18057669450.00,90000020
2391,18097635050.00,90000020
2392,18097635300.00,90000020
2393,18137587950.00,90000020
2394,18137588200.00,90000020
2395,18177650350.00,90000020
2396,18177650600.00,90000020
2397,18217623650.00,90000020
2398,18217623900.00,90000020
2399,18257610850.00,90000020
2400,18257611150.00,90000020
2401,18297661550.00,90000020
2402,18297661800.00,90000020
2403,18337614200.00,90000020
2404,18337614450.00,90000020
2405,18377598900.00,90000020
2406,18377599150.00,90000020
2407,18417660250.00,90000020
2408,18417660500.00,90000020
2409,18457692550.00,90000020
2410,18457692800.00,90000020
2411,18497779450.00,90000020
2412,18497779700.00,90000020
2413,18537992300.00,90000020
2414,18537992550.00,90000020
2415,18578096800.00,90000020
2416,18578097050.00,90000020
2417,18618202450.00,90000020
2418,18618202700.00,90000020
2419,18658442100.00,90000020
2420,18658442350.00,90000020
2421,18698554100.00,90000020
2422,18698554350.00,90000020
2423,18738600550.00,90000020
2424,18738600800.00,90000020
2425,18778828350.00,90000020
2426,18778828600.00,90000020
2427,18818964000.00,90000020
2428,18818964300.00,90000020
2429,18859078950.00,90000020
2430,18859079200.00,90000020
2431,18899318850.00,90000020
2432,18899319100.00,90000020
2433,18939486350.00,90000020
2434,18939486600.00,90000020
2435,18979506150.00,90000020
2436,18979506400.00,90000020
2437,19019731500.00,90000020
2438,19019731750.00,90000020
2439,19059958050.00,90000020
2440,19059958300.00,90000020
2441,19099991800.00,90000020
2442,19099992050.00,90000020
2443,19140366650.00,90000020
2444,19140366950.00,90000020
2445,19180588750.00,90000020
2446,19180589000.00,90000020
2447,19220656750.00,90000020
2448,19220657050.00,90000020
2449,19260868300.00,90000020
2450,19260868550.00,90000020
2451,19301144300.00,90000020
2452,19301144550.00,90000020
2453,19341202300.00,90000020
2454,19341202550.00,90000020
2455,19381435450.00,90000020
2456,19381435700.00,90000020
2457,19421700400.00,90000020
2458,19421700650.00,90000020
2459,19461746150.00,90000020
2460,19461746450.00,90000020
2461,19501808950.00,90000020
2462,19501809250.00,90000020
2463,19541900800.00,90000020
2464,19541901050.00,90000020
2465,19581868650.00,90000020
2466,19581868900.00,90000020
2467,19621913900.00,90000020
2468,19621914150.00,90000020
2469,19661967550.00,90000020
2470,19661967850.00,90000020
2471,19701920300.00,90000020
2472,19701920550.00,90000020
2473,19741978000.00,90000020
2474,19741978250.00,90000020
2475,19782064450.00,90000020
2476,19782064700.00,90000020
2477,19822130600.00,90000020
2478,19822130850.00,90000020
2479,19862422150.00,90000020
2480,19862422400.00,90000020
2481,19902630750.00,90000020
2482,19902631000.00,90000020
2483,19942715500.00,90000020
2484,19942715750.00,90000020
2485,19982981350.00,90000020
2486,19982981600.00,90000020
2487,20023097550.00,90000020
2488,20023097850.00,90000020
2489,20063136850.00,90000020
2490,20063137100.00,90000020
2491,20103265700.00,90000020
2492,20103265950.00,90000020
2493,20143236300.00,90000020
2494,20143236550.00,90000020
2495,20183265150.00,90000020
2496,20183265400.00,90000020
2497,20223662850.00,90000020
2498,20223663100.00,90000020
2499,20263652600.00,90000020
2500,20263652850.00,90000020
2501,20303736850.00,90000020
2502,20303737100.00,90000020
2503,20344062900.00,90000020
2504,20344063150.00,90000020
2505,20384226700.00,90000020
2506,20384226950.00,90000020
2507,20424416350.00,90000020
2508,20424416650.00,90000020
2509,20464704950.00,90000020
2510,20464705200.00,90000020
2511,20504748450.00,90000020
2512,20504748700.00,90000020
2513,20544886800.00,90000020
2514,20544887050.00,90000020
2515,20585118050.00,90000020
2516,20585118350.00,90000020
2517,20625172000.00,90000020
2518,20625172250.00,90000020
2519,20665440200.00,90000020
2520,20665440450.00,90000020
2521,20705819950.00,90000020
2522,20705820250.00,90000020
2523,20746008200.00,90000020
2524,20746008450.00,90000020
2525,20786262850.00,90000020
2526,20786263150.00,90000020
2527,20826644650.00,90000020
2528,20826644900.00,90000020
2529,20866799950.00,90000020
2530,20866800200.00,90000020
2531,20907277950.00,90000020
2532,20907278200.00,90000020
2533,20947478200.00,90000020
2534,20947478450.00,90000020
2535,20987663350.00,90000020
2536,20987663600.00,90000020
2537,21027901850.00,90000020
2538,21027902100.00,90000020
2539,21068256500.00,90000020
2540,21068256750.00,90000020
2541,21108439400.00,90000020
2542,21108439650.00,90000020
2543,21148697500.00,90000020
2544,21148697750.00,90000020
2545,21189096750.00,90000020
2546,21189097000.00,90000020
2547,21229295000.00,90000020
2548,21229295250.00,90000020
2549,21269537750.00,90000020
2550,21269538000.00,90000020
2551,21309916400.00,90000020
2552,21309916650.00,90000020
2553,21350139800.00,90000020
2554,21350140050.00,90000020
2555,21390453650.00,90000020
2556,21390453900.00,90000020
2557,21431018900.00,90000020
2558,21431019150.00,90000020
2559,21471212700.00,90000020
2560,21471212950.00,90000020
2561,21511476100.00,90000020
2562,21511476350.00,90000020
2563,21551882550.00,90000020
2564,21551882800.00,90000020
2565,21592096100.00,90000020
2566,21592096400.00,90000020
2567,21632441800.00,90000020
2568,21632442050.00,90000020
2569,21672862850.00,90000020
2570,21672863100.00,90000020
2571,21713098700.00,90000020
2572,21713098950.00,90000020
2573,21753409250.00,90000020
2574,21753409500.00,90000020
2575,21793837150.00,90000020
2576,21793837400.00,90000020
2577,21834054700.00,90000020
2578,21834054950.00,90000020
2579,21874349450.00,90000020
2580,21874349700.00,90000020
2581,21914931000.00,90000020
2582,21914931300.00,90000020
2583,21955162300.00,90000020
2584,21955162550.00,90000020
2585,21995569300.00,90000020
2586,21995569550.00,90000020
2587,22035999100.00,90000020
2588,22035999350.00,90000020
2589,22076247950.00,90000020
2590,22076248200.00,90000020
2591,22116655800.00,90000020
2592,22116656050.00,90000020
2593,22157107800.00,90000020
2594,22157108050.00,90000020
2595,22197355700.00,90000020
2596,22197355950.00,90000020
2597,22237725800.00,90000020
2598,22237726050.00,90000020
2599,22278181450.00,90000020
2600,22278181700.00,90000020
2601,22318576250.00,90000020
2602,22318576500.00,90000020
2603,22358939650.00,90000020
2604,22358939900.00,90000020
2605,22399379950.00,90000020
2606,22399380200.00,90000020
2607,22439634000.00,90000020
2608,22439634250.00,90000020
2609,22480055200.00,90000020
2610,22480055500.00,90000020
2611,22520510200.00,90000020
2612,22520510450.00,90000020
2613,22560793650.00,90000020
2614,22560793900.00,90000020
2615,22601187500.00,90000020
2616,22601187750.00,90000020
2617,22641649100.00,90000020
2618,22641649350.00,90000020
2619,22681882750.00,90000020
2620,22681883050.00,90000020
2621,22722437000.00,90000020
2622,22722437250.00,90000020
2623,22762856600.00,90000020
2624,22762856850.00,90000020
2625,22803133550.00,90000020
2626,22803133800.00,90000020
2627,22843573400.00,90000020
2628,22843573650.00,90000020
2629,22884004100.00,90000020
2630,22884004350.00,90000020
2631,22924270650.00,90000020
2632,22924270950.00,90000020
2633,22964718450.00,90000020
2634,22964718700.00,90000020
2635,23005181550.00,90000020
2636,23005181800.00,90000020
2637,23045446900.00,90000020
2638,23045447150.00,90000020
2639,23086111000.00,90000020
2640,23086111250.00,90000020
2641,23126513150.00,90000020
2642,23126513400.00,90000020
2643,23166736950.00,90000020
2644,23166737200.00,90000020
2645,23207123450.00,90000020
2646,23207123700.00,90000020
2647,23247581050.00,90000020
2648,23247581300.00,90000020
2649,23287911950.00,90000020
2650,23287912200.00,90000020
2651,23328297750.00,90000020
2652,23328298000.00,90000020
2653,23368744200.00,90000020
2654,23368744450.00,90000020
2655,23409049150.00,90000020
2656,23409049400.00,90000020
2657,23449481250.00,90000020
2658,23449481500.00,90000020
2659,23490041600.00,90000020
2660,23490041850.00,90000020
2661,23530318550.00,90000020
2662,23530318800.00,90000020
2663,23570741300.00,90000020
2664,23570741550.00,90000020
2665,23611031150.00,90000020
2666,23611031400.00,90000020
2667,23651264700.00,90000020
2668,23651264950.00,90000020
2669,23691620450.00,90000020
2670,23691620750.00,90000020
2671,23731861000.00,90000020
2672,23731861250.00,90000020
2673,23772045450.00,90000020
2674,23772045700.00,90000020
2675,23812352500.00,90000020
2676,23812352750.00,90000020
2677,23852522850.00,90000020
2678,23852523100.00,90000020
2679,23892761350.00,90000020
2680,23892761600.00,90000020
2681,23933086700.00,90000020
2682,23933086950.00,90000020
2683,23973592250.00,90000020
2684,23973592500.00,90000020
2685,24013932350.00,90000020
2686,24013932600.00,90000020
2687,24054412000.00,90000020
2688,24054412300.00,90000020
2689,24094737050.00,90000020
2690,24094737300.00,90000020
2691,24135180650.00,90000020
2692,24135180900.00,90000020
2693,24175679500.00,90000020
2694,24175679750.00,90000020
2695,24216014700.00,90000020
2696,24216014950.00,90000020
2697,24256499050.00,90000020
2698,24256499300.00,90000020
2699,24296998750.00,90000020
2700,24296999000.00,90000020
2701,24337530500.00,90000020
2702,24337530750.00,90000020
2703,24377989700.00,90000020
2704,24377989950.00,90000020
2705,24418521350.00,90000020
2706,24418521650.00,90000020
2707,24458874200.00,90000020
2708,24458874450.00,90000020
2709,24499334800.00,90000020
2710,24499335050.00,90000020
2711,24539827250.00,90000020
2712,24539827500.00,90000020
2713,24580153900.00,90000020
2714,24580154150.00,90000020
2715,24620655650.00,90000020
2716,24620655900.00,90000020
2717,24661338550.00,90000020
2718,24661338800.00,90000020
2719,24701596300.00,90000020
2720,24701596550.00,90000020
2721,24741944650.00,90000020
2722,24741944950.00,90000020
2723,24782413350.00,90000020
2724,24782413600.00,90000020
2725,24822739050.00,90000020
2726,24822739300.00,90000020
2727,24863058400.00,90000020
2728,24863058650.00,90000020
2729,24903550650.00,90000020
2730,24903550900.00,90000020
2731,24943846500.00,90000020
2732,24943846750.00,90000020
2733,24984253750.00,90000020
2734,24984254000.00,90000020
2735,25024607500.00,90000020
2736,25024607750.00,90000020
2737,25065039050.00,90000020
2738,25065039350.00,90000020
2739,25105368400.00,90000020
2740,25105368650.00,90000020
2741,25145739200.00,90000020
2742,25145739450.00,90000020
2743,25185922200.00,90000020
2744,25185922450.00,90000020
2745,25226285250.00,90000020
2746,25226285500.00,90000020
2747,25266776250.00,90000020
2748,25266776500.00,90000020
2749,25307019650.00,90000020
2750,25307019900.00,90000020
2751,25347458700.00,90000020
2752,25347458950.00,90000020
2753,25388007300.00,90000020
2754,25388007550.00,90000020
2755,25428413900.00,90000020
2756,25428414150.00,90000020
2757,25469079500.00,90000020
2758,25469079750.00,90000020
2759,25509636450.00,90000020
2760,25509636700.00,90000020
2761,25550016950.00,90000020
2762,25550017200.00,90000020
2763,25590522450.00,90000020
2764,25590522700.00,90000020
2765,25631109200.00,90000020
2766,25631109500.00,90000020
2767,25671515550.00,90000020
2768,25671515800.00,90000020
2769,25712031450.00,90000020
2770,25712031700.00,90000020
2771,25752772200.00,90000020
2772,25752772450.00,90000020
2773,25793210850.00,90000020
2774,25793211100.00,90000020
2775,25833739000.00,90000020
2776,25833739250.00,90000020
2777,25874299100.00,90000020
2778,25874299350.00,90000020
2779,25914710550.00,90000020
2780,25914710800.00,90000020
2781,25955229750.00,90000020
2782,25955230050.00,90000020
2783,25995832200.00,90000020
2784,25995832450.00,90000020
2785,26036414900.00,90000020
2786,26036415150.00,90000020
2787,26076846800.00,90000020
2788,26076847050.00,90000020
2789,26117265600.00,90000020
2790,26117265850.00,90000020
2791,26157630800.00,90000020
2792,26157631100.00,90000020
2793,26198155250.00,90000020
2794,26198155550.00,90000020
2795,26238712200.00,90000020
2796,26238712450.00,90000020
2797,26279106600.00,90000020
2798,26279106850.00,90000020
2799,26319643050.00,90000020
2800,26319643300.00,90000020
2801,26360430700.00,90000020
2802,26360430950.00,90000020
2803,26400838650.00,90000020
2804,26400838900.00,90000020
2805,26441377150.00,90000020
2806,26441377400.00,90000020
2807,26481872850.00,90000020
2808,26481873100.00,90000020
2809,26522332100.00,90000020
2810,26522332400.00,90000020
2811,26562905300.00,90000020
2812,26562905550.00,90000020
2813,26603263850.00,90000020
2814,26603264100.00,90000020
2815,26643458900.00,90000020
2816,26643459150.00,90000020
2817,26684092200.00,90000020
2818,26684092450.00,90000020
2819,26724660550.00,90000020
2820,26724660850.00,90000020
2821,26765073500.00,90000020
2822,26765073750.00,90000020
2823,26805468300.00,90000020
2824,26805468600.00,90000020
2825,26845787600.00,90000020
2826,26845787850.00,90000020
2827,26886055850.00,90000020
2828,26886056100.00,90000020
2829,26926560550.00,90000020
2830,26926560850.00,90000020
2831,26966986550.00,90000020
2832,26966986800.00,90000020
2833,27007229150.00,90000020
2834,27007229400.00,90000020
2835,27047854450.00,90000020
2836,27047854700.00,90000020
2837,27088470200.00,90000020
2838,27088470450.00,90000020
2839,27128883850.00,90000020
2840,27128884100.00,90000020
2841,27169126200.00,90000020
2842,27169126450.00,90000020
2843,27209492350.00,90000020
2844,27209492600.00,90000020
2845,27249857500.00,90000020
2846,27249857750.00,90000020
2847,27290198800.00,90000020
2848,27290199050.00,90000020
2849,27330594250.00,90000020
2850,27330594500.00,90000020
2851,27370939100.00,90000020
2852,27370939400.00,90000020
2853,27411513350.00,90000020
2854,27411513600.00,90000020
2855,27451917750.00,90000020
2856,27451918000.00,90000020
2857,27492412000.00,90000020
2858,27492412250.00,90000020
2859,27532850050.00,90000020
2860,27532850300.00,90000020
2861,27573280350.00,90000020
2862,27573280650.00,90000020
2863,27613613200.00,90000020
2864,27613613450.00,90000020
2865,27654051050.00,90000020
2866,27654051300.00,90000020
2867,27694593500.00,90000020
2868,27694593750.00,90000020
2869,27734965000.00,90000020
2870,27734965300.00,90000020
2871,27775580600.00,90000020
2872,27775580850.00,90000020
2873,27816183750.00,90000020
2874,27816184050.00,90000020
2875,27856612850.00,90000020
2876,27856613100.00,90000020
2877,27897171750.00,90000020
2878,27897172000.00,90000020
2879,27937682600.00,90000020
2880,27937682850.00,90000020
2881,27978001750.00,90000020
2882,27978002000.00,90000020
2883,28018328450.00,90000020
2884,28018328700.00,90000020
2885,28058758150.00,90000020
2886,28058758400.00,90000020
2887,28099286550.00,90000020
2888,28099286800.00,90000020
2889,28139786500.00,90000020
2890,28139786750.00,90000020
2891,28180444100.00,90000020
